100
386058816 75920675 833776267
242922429 345112791 947234740
695963865 9003838 227538711
303400769 39820227 41802142
844141467 479507287 721463365
161939990 190943862 598157209
662173166 185991409 955450861
77414310 101600553 475307735
144331589 135526822 181972175
791057432 473502414 897090164
930625603 57266965 924089260
688075930 5886832 354439310
300862055 250679864 349183464
215331422 392971825 483395967
277564404 772540765 907163730
327582644 106283698 724661077
414129043 53372861 171948448
322001454 40036171 107343728
453755328 599285646 687465881
460949083 87421178 540531514
707003767 57437473 65629829
513383250 344387636 702494919
951158154 664656743 693144122
462623827 212193099 315139312
670295477 248463550 843441833
335026657 212205882 837171733
139658987 706092857 836853857
457517493 365080072 655585512
868638697 221901911 343897706
22940929 143472340 856117337
234995086 501530725 796244570
696656682 319865585 534520812
556196767 148895446 849323896
478250819 458525778 474219946
896774850 478492728 757982493
23094448 51274520 327626579
669520754 232490481 522503143
576222373 6360340 78041094
698571040 17849293 600743153
540279188 190050322 285894675
704242649 92570345 119123071
100652472 541834393 906621255
447789955 97808149 137741628
364468247 169780766 679017191
44359563 10009908 314270300
717964579 172134836 611771659
571337648 622250514 916162513
770000991 62927294 286309635
499428544 49637226 51450882
140697682 18221976 101076013
978990494 613968818 666125043
807740789 325548550 369050732
796138995 418468229 523954093
911562992 158128915 182759024
356408768 355611227 593373262
146762985 208159563 299021219
835173431 477776065 694007370
403855371 228577122 406876986
426886457 129940481 964582408
903475927 366416531 627406708
503325031 462784681 836107738
16287382 244324144 405345783
532589976 16478956 101748147
623139976 236818861 562185108
332318740 231252503 450377047
791448852 16407240 797801223
55506618 348954363 869046157
568574045 507955654 628695021
277227689 163820489 831787798
674733611 126473296 175434394
187605053 228940780 958974887
801614996 337464638 529771313
374879974 1258531 49866908
636500826 683393505 971804319
401276794 25653741 547649387
132617327 76085999 92322366
719865895 71484369 410455215
765228851 575423504 817298223
939336865 13463569 84879929
809398245 117805079 600917869
819785534 110193294 220089930
403634895 188289376 401638207
822793612 416337954 839238982
452769123 74816914 236289766
698809538 37498154 97447101
91958778 334848901 374540947
510527385 389584150 635188752
390220842 69947716 77834748
80508354 21769339 308988490
323857977 375628156 746229889
537030417 272163026 482577551
280962700 394258189 592406595
393068020 216721326 250616781
451764894 91405449 102034419
382732675 219490942 430769024
437672426 480132333 737028076
145991421 299366532 654437242
929962920 855337763 983412800
911252498 164900433 977122158
672536959 327611279 755951025
