100
699113751 660511113 963737838
203738372 272745508 849626036
128169590 283514050 951685578
806216710 82897022 235574465
248395723 162685557 338350327
8777087 434099670 979106729
949194370 156302306 332955148
510830973 79723106 727549359
419820835 482815434 986470847
641005850 56865664 743145287
28440262 491113398 626455743
712210881 295182494 721211167
706331229 176120402 311134659
466284567 64567003 156341634
905090125 245782428 431396880
348139622 173017230 275981486
301569908 674594738 960184419
40542774 41510525 214363025
59194306 136478880 480636171
873657001 421958053 779520805
105894934 258318493 974395074
296142190 39720761 726536884
644231746 747437282 766025413
440992270 41055450 143320170
22562539 368804064 742483260
868749852 14220238 17132757
69807556 208276475 971062318
126434107 619756241 777937461
924860775 306937561 977912399
108440081 274809369 481044128
241187931 13782866 659223709
40548959 2101034 526729382
469984206 42451404 66822744
992098523 259370876 954004573
868950069 104044741 183279337
438626279 415443686 660194784
272104543 831642171 889537439
366763872 13466468 283175268
872335830 255702071 471095359
406743676 213906335 855193101
502564252 247124613 385267321
992873194 355281112 773505837
454561572 19752961 461547921
346752732 907391722 964209468
199502745 266545535 794922825
968025024 95609314 229589478
275771607 71826136 378273589
743222466 66144223 83442469
153091258 232015812 430840401
553244314 65229514 340892601
61102256 37323500 108313978
509421834 295867032 527814054
126529612 52394030 74561938
675527091 554059775 661670823
46342978 175263394 463380518
725323454 58649089 933024380
333686158 500867630 576752907
761621681 57340571 66936865
613603547 555111979 790602498
379046155 52499309 210487895
554947030 99812879 942024216
837041288 40668429 198488918
54082183 85761600 166815900
889955768 342382133 612200987
943370244 97003613 113269273
436627615 713478728 848039308
753414651 592625400 804699717
818868743 64871973 308302560
611987788 215006768 217908282
252137444 325421515 367631048
518595461 343292567 362981272
907792522 127792771 150547461
856852948 151179556 458717067
262887497 370132470 877710077
876107945 8170278 493053531
517899223 31364250 587242483
116796049 163644728 570280007
669588449 383017496 624964277
743123177 417152242 965119700
162567918 408363891 986479842
800891296 18083237 635519613
954418256 18585792 97907987
898787569 111861091 562970140
792344471 256134039 658756872
467135162 360312170 401163733
708512942 71045065 432180697
184231583 124217986 164968563
69112515 9947486 123961078
444363091 178010219 966476674
279679441 721872941 880091012
764818773 351488901 789101047
114816070 684088339 973769242
802320390 223894200 883722497
417959795 576297373 892790816
262203456 17396037 55481386
670155636 69949348 173811352
725957153 77928259 129382709
48146562 306348980 639709829
542809204 712710225 882756212
24940548 524360370 620877699
