100
782917 195169 442215
906977 584760 667449
103877 72448 988065
464389 378556 410598
237138 105302 584887
738193 241003 501651
389367 30062 60873
703217 814360 845692
701585 282157 522656
39936 191237 460938
392974 741688 972383
645465 119694 485495
444434 131621 178883
907762 32597 100146
2878 95338 483281
936187 120490 130848
646440 510365 699236
860805 160875 253307
809569 13429 146251
993575 35007 127541
752579 55985 336249
614334 448727 888171
797213 12198 232905
852741 14994 92560
273909 93725 598817
541628 447098 904916
725340 218473 390501
412286 47258 661043
654968 882856 996029
882373 278792 792189
233505 510476 600356
871544 129585 926429
912582 290662 626716
74923 369425 434389
486692 19743 27456
83272 217944 844499
888854 40699 125010
492289 135150 589092
703585 357683 440478
130270 68023 149975
424029 17475 181717
107587 550470 812001
325646 51635 193770
628347 240339 466805
899733 671360 750303
966147 166506 192101
204526 221404 627224
850871 124910 555144
765662 275297 899832
790211 216382 316917
145417 353795 608425
532792 581183 878669
508121 622300 928815
516831 5410 8605
548765 402809 437947
539629 298943 765511
974260 539910 696955
677701 120663 132915
438751 641468 802699
25566 434149 825054
331059 943637 981619
873424 525145 971884
102720 115969 674446
833228 138449 204369
900513 618351 927930
718397 358996 533217
307220 194543 490656
30393 259318 332013
440877 51955 505051
770976 318502 323891
432443 13064 80213
228192 837248 922078
577132 249595 282689
138474 170563 463682
689607 161858 169302
884201 10786 12463
35727 138902 418348
751002 634647 825174
447344 582587 960122
279486 21338 235038
99228 638999 757036
137884 467477 476174
512535 2741 4440
861005 543100 834793
724706 836670 883820
800770 239565 423366
319529 348784 458865
138776 282627 435479
331379 353630 539985
541830 316659 339887
741873 41594 597070
355029 478496 534183
705990 524446 851996
666361 89406 152744
474959 478189 976518
185306 144063 397019
740137 75310 195265
915468 246166 764361
390143 531320 900153
397827 114228 356599
