100
687 93 438
442 60 115
100 374 587
491 285 376
290 19 592
477 507 528
603 8 166
852 643 868
217 2 113
355 100 601
397 671 926
655 246 961
40 351 493
16 636 655
47 55 64
92 579 645
462 43 120
356 38 87
942 58 277
467 127 397
979 548 647
840 44 521
327 10 11
179 222 615
936 655 865
939 467 963
617 293 325
295 16 745
851 163 324
833 7 493
893 64 106
281 8 239
928 202 208
434 65 143
354 116 136
524 13 50
931 715 738
593 539 655
551 219 868
716 581 844
473 37 61
864 54 555
419 286 771
870 26 406
459 526 815
896 388 889
185 9 10
724 346 447
309 577 598
316 179 794
11 8 145
569 368 629
340 289 578
950 8 33
969 94 270
624 626 865
458 552 574
443 81 453
184 289 585
145 139 161
781 191 216
704 22 414
87 38 193
1 100 125
303 85 117
164 278 596
167 514 758
473 107 246
961 600 869
311 19 549
171 15 46
363 246 650
151 79 957
756 49 69
151 31 62
36 490 848
581 81 287
497 33 34
199 1 424
695 470 819
456 432 615
416 211 731
985 214 625
35 76 298
382 442 775
655 177 275
205 39 177
466 58 463
355 378 395
944 334 433
539 125 282
79 395 847
464 436 640
629 57 67
47 96 411
915 798 820
768 669 685
505 245 262
94 31 154
652 684 962
