100
13233 38258 94983
43219 19849 40961
20455 11819 33016
39554 77444 79331
15609 5853 8092
22501 9241 14510
65069 3612 9756
78904 1670 90860
52766 34754 61733
35913 44273 49406
19079 281 290
9406 11179 68087
85024 1200 72978
34854 63394 78155
99978 24971 88843
13141 4662 35032
51683 8821 41405
48059 60425 84189
21703 967 53640
12310 13347 66446
27406 18172 32094
32634 40343 41959
57044 2569 73362
30013 3739 5143
49546 6550 40319
14854 17277 73857
43496 36147 46923
11606 442 651
52277 40 269
39975 7172 14473
5989 27182 34296
42242 32680 59377
21315 10547 21969
18224 9626 38293
38976 13684 87514
16798 8208 41669
61461 503 856
26436 6186 7391
5439 400 782
16079 7516 39313
92399 5080 6132
54716 6001 55577
31067 14344 55454
1488 4476 30019
53376 32890 45557
86684 16230 69841
6135 38994 40031
30147 18035 19569
39538 36545 44556
39706 56099 65191
68707 25059 30609
56171 25246 35159
87943 9393 38421
83637 15458 29702
92587 76062 76177
26224 11559 31944
4161 27420 35746
12769 536 4407
60939 18417 58404
4006 15390 36948
97514 46415 50742
7365 32163 90121
43466 45910 87581
50432 42719 75511
8992 25987 43809
49092 8564 36101
79876 9343 15031
73595 14935 35337
95967 22375 47540
90390 46529 61535
93718 59228 97339
64639 26621 48405
96010 92563 95613
73912 14488 32968
30933 47115 98056
47585 4059 9872
17261 10447 30514
6026 431 5387
80296 1710 6953
89393 7166 77811
39618 51067 63770
49450 12064 81830
28959 61446 85636
13149 48185 96045
80514 11204 23665
61689 24497 98330
2874 26338 45266
24318 4738 40125
68325 30796 99864
36570 37706 69453
4993 76208 79838
76982 83497 83719
85570 68868 86882
4230 4238 12331
89874 10556 17586
6410 6027 30205
53899 6925 19081
25534 51326 61678
90532 19339 24912
35440 87807 91452
