100
3119 3723 7843
8459 303 3885
6830 6335 7096
9296 2380 3489
1386 3730 4862
5583 3246 5480
2338 1367 4742
1718 1602 1723
4302 5269 8634
6266 3254 4783
9562 3334 8663
9422 2611 2662
7917 666 1360
4228 6351 6624
8065 1264 3058
2429 9482 9725
7579 1789 2483
3319 6757 7618
6377 3324 4356
7649 1774 4506
3356 4937 5820
6279 2918 2926
1488 153 1373
3881 147 3757
1629 1120 4129
7611 283 2621
9167 62 4988
7987 4284 7590
4421 5179 6037
6097 1163 7448
1050 1350 6528
9649 3479 4220
7589 1740 7382
9396 185 686
5395 1424 2112
9944 650 3771
9402 1667 8099
8297 1843 8949
2966 5985 8413
8932 778 1459
3822 407 4194
4830 1000 1124
5122 5140 5712
4445 5285 9791
7160 1695 5394
9080 41 1547
5366 237 1636
6544 742 2201
4413 2299 3560
5328 830 2500
9911 62 2432
3449 34 180
1280 621 4347
1644 3592 3993
7660 4126 5141
7617 997 2598
3815 2397 4830
1151 5440 7560
2683 881 966
6993 900 3019
3764 496 1067
7585 509 616
8426 4387 5463
6595 463 5874
2436 929 1708
6925 736 751
5580 6153 9572
3624 477 6515
7478 632 954
5104 3993 5591
2357 753 799
5974 3103 7583
3588 4010 5755
1116 374 6056
2104 1695 6015
4552 199 2951
2864 2472 9062
8474 154 622
9931 3251 3332
3594 1056 3344
2796 255 340
8271 9 29
8334 470 534
1285 791 6414
7944 3037 3229
1440 434 2414
4392 22 8202
6457 2537 3038
5651 4229 8923
2177 6120 7667
7892 345 7759
3166 247 6397
9293 4034 8298
2389 2371 3140
9157 861 5468
8851 1140 8179
3093 1816 2197
5787 2098 5326
8005 3167 3966
8875 2459 2990
