382708
243161
32638
851902
520292
791010
63418
251478
832244
147388
83571
594951
274285
109471
681356
878645
375863
898478
231891
662510
247709
979604
846072
704492
800818
621989
833775
154703
224904
526783
846317
248993
534062
463261
284751
875112
984697
994940
907422
718693
394784
672686
213583
902804
783961
49364
445880
997025
550930
618992
41003
217953
447696
41922
552921
350779
850379
301730
14318
752346
251845
804390
420192
624796
676190
316312
422891
953270
812426
9625
288067
471834
897878
500647
6594
441825
100816
148477
873329
296363
981792
918791
230239
513231
895962
973847
527991
503678
871464
367497
523907
337628
281717
301189
324508
936088
483650
691695
321724
82836
         1889975 function calls (1889775 primitive calls) in 0.835 seconds

   Ordered by: standard name

   ncalls  tottime  percall  cumtime  percall filename:lineno(function)
        1    0.000    0.000    0.835    0.835 CSEQ3.py:2(<module>)
      200    0.000    0.000    0.834    0.004 CSEQ3.py:25(select7)
  300/100    0.000    0.000    0.834    0.008 CSEQ3.py:33(solve2)
      100    0.000    0.000    0.000    0.000 CSEQ3.py:40(<listcomp>)
      600    0.744    0.001    0.831    0.001 CSEQ3.py:9(factorial2)
        1    0.000    0.000    0.000    0.000 codecs.py:272(getstate)
        1    0.000    0.000    0.835    0.835 {built-in method exec}
      101    0.001    0.000    0.001    0.000 {built-in method input}
      607    0.000    0.000    0.000    0.000 {built-in method len}
      400    0.002    0.000    0.002    0.000 {built-in method pow}
      100    0.000    0.000    0.000    0.000 {built-in method print}
  1887463    0.087    0.000    0.087    0.000 {method 'append' of 'list' objects}
        1    0.000    0.000    0.000    0.000 {method 'disable' of '_lsprof.Profiler' objects}
      100    0.000    0.000    0.000    0.000 {method 'split' of 'str' objects}


