10000
1328584
3570694
182406
3235924
2704949
3127441
4356700
2569678
3863907
2625461
785839
3245395
885397
1927860
3817099
1037641
211318
318237
2375980
3212136
1151597
2490853
4629187
216019
299455
2039843
1086863
4108623
3159184
2732342
1523840
1613433
1809602
239577
4529042
4996093
124538
2353308
1189068
94719
1808846
2231220
1495514
1044197
108371
2014503
2477835
2297797
1757914
4059705
2246487
4557182
2548852
3495906
2288108
1305862
3990130
3953060
3218370
3596547
2958906
3605624
1051080
369667
2337814
4093840
4392888
3159423
1726023
3915435
4948006
2015425
4064653
3865014
4226316
2427539
102667
3529671
685745
60043
1180115
2504193
841468
4699174
3892984
4600360
2380509
3452051
4142091
1632508
2095995
1533935
4814973
1804388
4422523
1794184
295307
1479030
2817264
339652
2560309
260491
2163107
1671883
1573045
976236
1169407
288696
4921867
705152
3452654
4139290
1809945
757435
4036202
4035238
362970
2002072
3655530
1994943
1447728
4203218
229658
4585448
2553542
4090398
1763428
3668844
1311256
900367
1016310
3003665
3744581
2780328
1386053
208139
3441336
1850946
459204
77073
1503640
3078578
3499129
1255806
4397190
1847871
2947483
267408
816291
3772648
2208032
2975317
2556165
883362
132620
17262
2996754
4066747
4826281
3835208
4832898
8632
504570
2301831
607398
2104785
3797255
3768005
2723645
1518975
843412
2231948
4930890
3064826
1026942
4013183
220417
1285297
4944935
4399417
3993072
4705131
3996654
3116253
2734540
1607869
3863156
265024
4145826
2288984
3344232
2467794
3618982
3099847
3214965
1171208
2818615
2067773
3731168
327871
1617008
2797050
1476127
3229752
1848128
4373181
2004805
3355976
1678366
2863499
4622904
2943800
2377486
1001920
2875263
1924508
2375659
1996854
3912694
2639727
1151510
3378708
3555838
766473
4880310
2927916
3781227
1277917
4215932
1621833
1149792
4610252
1066513
218561
233919
4338703
4562753
3939964
723237
4055912
2320105
1125197
2524315
3839452
3062719
4589492
3386502
2808575
4822186
2416352
1430885
1736805
169277
4427380
1175432
642065
4479987
3157570
1462630
2217619
1789055
2366706
1097397
2362603
3846094
815580
3677363
3711173
3742906
3859798
2016626
3094034
3697961
3842407
655313
4695992
1515479
4646316
1975419
574648
4201517
3631584
4661027
1602467
3204097
4689716
2147108
1367715
2966793
3686415
34431
3275842
825504
2697326
1609267
4553425
4532645
409201
2969522
4823606
544748
2607169
4103987
2824902
4527849
4131889
4027992
4895673
4041968
2995683
769054
613872
3897467
2316064
1024111
985418
4254124
3127299
3455890
454400
956785
4741215
1201979
3130958
3172829
4465469
3299132
4402687
4680698
2706309
3480624
2757083
3304751
4387336
4110009
2359993
4304836
2289742
4267398
4962449
3346826
4161469
3190488
3053947
4746054
212134
4304912
2596366
3000862
1099578
4381370
1125455
3211948
4143843
1515820
4388015
3741532
2703892
4501234
1943517
792333
1800068
3344093
2410795
3398966
3444460
4154889
414509
1025725
2004254
844425
1260071
2230686
3233592
1102629
1792322
4764982
4067124
98910
4327570
4045628
2426971
2021576
2507721
1999378
1037813
2853546
3561805
1101387
4838899
4961786
4575853
2886746
644405
662401
1265346
1969873
3668093
4595456
3916356
590840
4320299
603834
3337356
678964
3070423
2489310
423267
1879035
3609654
104403
2016573
4572693
176461
3541765
4304105
2631637
3452329
4304696
3994074
1361154
4580833
2521411
1548534
4427859
2644537
2946916
136971
1281570
4168161
3065879
3054602
4274565
2580928
939537
1067203
712943
4946293
4866092
4789453
1214609
3516559
3573252
47258
1938903
3985540
3404871
830838
2835087
1813982
137716
3754226
2174830
1693413
1458542
1908334
4916942
4598574
4714924
3650502
3937061
4125122
3642280
726569
3052131
2009564
4825194
1893665
3451044
3850880
2175197
3463228
2071087
2605146
4861741
1556565
1980872
3855233
329405
3088205
1981778
2532988
339424
2748432
3238015
1474239
4315508
1067485
620921
1054660
4404965
1232770
4769490
1462653
1686933
336036
4297809
1953927
850899
696256
2564279
125975
4886896
4783278
2061416
4272457
801783
726165
4911544
3355301
2136832
3651735
2069571
3480497
3699704
4493128
3197860
1645661
101068
4044816
4129597
260172
2798695
8571
1855679
2724523
1465323
2839654
1887165
2070590
1932052
3328009
3371557
4584872
810052
57196
2142695
1954807
497873
3635891
1075769
2968564
4704164
2052496
3125950
1417174
1393042
108138
3722512
1733501
4853588
2989089
1619126
1816807
1261190
1387879
1257428
673808
3405774
1385325
3564690
975933
2275876
983711
3174843
1516088
2285701
4799496
2102480
1300608
644114
3989317
2847351
3891323
3110970
3473715
852454
1606386
1327048
270669
3229820
2285916
284311
3603083
2413597
621643
1031309
2870529
4631002
2545240
2842601
3020545
2307892
1358542
3303089
724183
2064330
2148256
1769880
706358
402125
4650889
2794924
3966568
48609
951674
2207504
1630513
182464
4132754
1009241
152885
3335414
1124875
751854
306762
3893513
119625
3529926
1823521
4301499
395568
1362199
3936916
3720129
4664010
1265686
1013469
468074
860045
96780
3094853
3833766
1037041
3851750
3926545
2883379
2127295
3134105
4843979
4515666
4393573
4914470
4915597
2677234
3582405
4379253
2568600
4832204
2329240
439061
3698649
4865369
1658917
2900845
1033353
3135346
204525
4701218
2850181
1406276
893118
1219199
3543772
1770792
4951305
1017241
2751318
865274
4316060
1546926
1536399
1966504
3850237
82402
3677042
4243436
3583227
754031
2680176
2839625
4199716
3208193
3794456
14668
109822
4302465
3022302
409567
1193920
3364220
3119529
3518191
3379700
4402953
1968794
256880
4884335
2386152
4586884
2271059
990516
1647268
4808772
2392037
3280772
3507262
2297833
4497965
4146555
1060359
1128520
4046927
1034123
3183553
1293507
2898532
2503581
236939
4808125
2787846
1129165
4074647
4912396
455581
2326031
1653511
4390581
746674
950670
2731689
3091777
2954167
3377249
3960616
3011245
1472264
2373729
4670608
4357939
1428878
4310694
1978850
1405095
811702
2686496
3258553
4667703
774131
4868722
2214760
1887730
319970
1776667
4900266
1918551
911641
4284299
3763718
2607502
4297451
4667043
4884772
3509352
2999643
404416
4168412
1744890
4360931
48684
2765196
1281942
3717269
1069000
2502892
2266053
3379529
4108818
998020
931991
1204652
897155
2277685
426555
269885
4826769
2659625
447407
3244537
1433480
2595941
1514247
4564393
3654291
527627
4032423
3513466
778224
3549677
3143927
2887075
3815653
3782371
4299807
2064455
2338740
2307664
30892
3042873
1484048
55768
4440938
1239766
3546922
4694568
3256182
708806
3078613
2679158
3288999
4430715
485011
964999
1336227
2575979
2417769
4474301
490722
1778552
22122
3902986
681311
4610623
2363913
4758732
4966748
1797014
3386325
364005
1408025
3352204
3940282
2929337
1717700
113422
2489402
3287241
2775179
4121484
1823590
1311259
484987
4662578
4716960
1796951
2968668
4794857
2569972
2439620
1068875
2840021
4857556
875482
4643540
2242347
1938246
2540120
3077055
81084
885805
3569810
2384287
2140816
3034080
1661972
1777808
363495
653701
4979639
3261794
1842168
1439211
2768401
916401
135541
4087453
4635593
977548
1267108
2121638
1457972
621363
3161793
1811898
2241413
1330242
3276278
4473802
707244
2171760
1884262
4025051
2389860
1233595
4286510
1767282
2228454
1372412
1380348
890190
564877
2799815
4550383
4964864
143695
1389015
1542999
4454574
2546229
504077
664870
3245665
2721696
1736260
4569130
3292819
2433285
1168085
4675555
1963467
2922249
1697153
2121555
4334911
2268443
2349709
3899964
319300
1434772
2862807
924159
1638701
1328688
796021
880246
3276962
4975242
897910
3344355
618925
3819617
2348486
322552
4189391
1867897
2660535
3327403
1784340
2782076
2690997
1831632
4578053
4330143
2203713
4055418
66746
2386452
2443956
3183430
2675782
4263642
4610146
819343
4011586
4653749
3174066
1156454
1309988
2972170
3722628
4706782
1956738
4856275
1609526
3307645
2367826
853975
1721101
4060513
2518965
771663
3454797
2156885
3742882
1112113
94036
4338721
1481402
1815861
3747624
3285939
2958945
2739465
1054836
6038
2610898
3625396
1849270
1282200
482438
1012249
2288867
2947025
3936829
4981056
2401213
1690373
4929210
4924617
1453023
1652460
2446347
1874276
67524
4680299
2511039
4973605
1694459
225697
2805666
198232
3345723
4082653
2554068
3400274
3063385
444605
1126289
1434937
400001
4477028
540647
901260
4099653
143966
565829
489233
4820667
2248889
3638145
2316704
536991
2736195
1933969
4427473
2561718
87008
1304915
1632484
3038614
313232
2236962
1777684
1868235
1838476
293774
718975
3160223
4685196
981191
4133273
3677497
2145197
4050839
3809110
89592
339436
2804035
625704
80418
1960998
4614385
42838
2449648
1234861
1139625
3710863
1902944
3790886
426163
2429618
4528349
1274565
4492648
1829119
382452
1560775
2219443
4220355
1071705
2363019
3297351
3974313
4073577
1819994
1055067
1734315
4237477
1847681
651394
183977
4872047
1585018
3808073
3399930
1799161
3022605
3742277
3157263
1678323
2893260
947110
2762944
3201682
2734048
696721
518521
2988605
1116393
3401810
408688
3733196
598216
1944307
2375905
28488
416717
1967996
292627
4607099
2526804
771347
1778389
3629216
4376846
1610509
2554978
380000
1760258
1272091
1043158
1695515
3062742
2560276
2970073
3407237
4236119
1071315
3991302
1660678
2056790
1247216
3368709
2180283
3203088
922587
1135043
22431
3107621
4261652
4838532
3173032
1649660
717177
2950287
4942220
4897824
4817162
4970336
1380650
3579915
1878289
4891144
1644701
329805
2460288
4692650
261928
3282829
351843
4055976
482330
1770076
1385827
3758227
4815727
731192
1762880
2172839
3754141
3559054
3137706
3107653
621343
2386431
3522394
3702907
1707406
3531655
4936163
310654
2348643
82372
2976220
4405699
4700649
257176
4274941
1748802
2530138
130666
3149876
348223
517954
1806181
1200190
3848928
2163431
3164319
1324251
4774872
2973606
4816162
1237156
2265287
4412581
3336065
369805
3686023
475531
4238635
330550
1387399
1532283
2366521
4029637
3951656
3704777
19270
316632
4377938
869250
2481522
3274165
979688
2375314
4619260
2876217
347873
3982857
2334924
4513029
3178727
3059529
583158
2595944
2840913
4925556
3673957
4993357
3681352
1463590
2025095
2488209
3171257
4531675
1060685
2803769
4553150
3108351
3516516
4015459
1176923
739391
1007516
1538626
267617
709456
3938663
2674847
1618696
4875252
4971778
3311015
1730019
41448
3898048
2701187
3443074
715207
2965249
599868
2531342
4780597
3201569
2882659
4288303
4409427
193457
2665545
2745578
2328657
461194
3534420
4334948
109730
2803521
4962593
3413425
3498447
2032821
920330
222933
4562230
4492869
4095858
4723551
744115
1285501
2292990
4021113
4920412
1610009
1160202
4886904
4072474
1663683
530737
4705253
4438884
975244
175033
149555
299723
98173
611372
4569211
4431549
218418
1198392
3608638
4900427
1777124
350191
4531388
1837646
3093792
306936
1112598
4156464
1041035
4850268
1896374
1878455
4871981
4044726
2333831
4242985
3557233
3462593
4822317
4031274
1929998
4559749
3631763
3546468
1810164
221330
805381
4493593
2937291
2037864
356044
3798700
525457
3018416
458846
1814415
264004
233624
54201
797297
893602
4457830
3814104
3462551
2134859
1829190
1862212
1732165
2072401
194064
2335605
2834537
4529881
3925573
2072846
216501
4679751
4232852
1425955
2435230
195306
2966452
327998
4756354
2326238
2684202
4243531
1968752
466168
217222
1660326
2537642
166415
574108
2616929
2011490
3596571
3333839
2529221
3934295
2621659
301887
361371
2180073
1617926
1266138
3052977
150890
727611
1722393
121354
3097786
1554337
2134898
4366919
2825201
4456271
4052798
1486170
4684277
3677678
93284
2773088
2919692
582158
332336
1510995
4956067
2219872
5425
2063292
2512914
1849619
4585095
4179740
86315
597392
146724
3977662
4514857
384929
606188
48938
3886878
4065797
4848454
2343738
2014123
4279551
3830649
4348028
1133584
3288989
2221704
2306912
101229
680618
4984706
4474391
811750
1215479
2569865
1585453
1730015
4625999
381046
874004
2945465
3653003
852425
4761072
14025
3449888
3914929
3308553
4552685
2766265
2753399
2410286
4774654
980354
4893545
1459850
1108805
743291
1448581
1553179
3964406
3601747
764312
1457552
526484
2455683
119818
4860386
3658715
1262492
2250820
251055
2182235
144619
4791880
1860129
3700512
1416740
4280825
63422
983799
1610521
2169097
1877065
1296733
1847329
3922119
3647921
3440053
3652578
2621240
2604354
4767501
1419059
2651972
4351872
2506319
3562433
2187669
2250062
4493009
96669
4528298
1875748
3214609
1427317
3333974
3369374
4994372
4426765
2036424
3916337
3290579
3616145
182466
4920226
2767486
1078002
4172689
2728845
3268460
1284722
3872177
1894217
3728030
1873696
2785864
1971701
4034743
2234695
1721054
1561476
852127
3263851
1136757
3040731
4163660
1452789
2121988
182789
4063240
3159700
701883
1542806
3729306
615540
818544
1474199
3271514
102860
1564344
4442407
4194999
2539504
4723847
2252687
2592967
3039842
4295398
2763277
2790739
2197536
94482
4300079
651504
91950
4972874
742761
1464747
4385231
1990662
2311047
1719196
1894363
3866760
333141
829819
3379168
334886
2385066
2780376
2272478
4165130
2120410
4075095
4120821
2706777
3671383
2953264
1353434
3291962
29094
4276605
4676803
4706786
3288612
2769441
1853763
4861564
866188
115779
3396562
139346
3964697
1230688
3664726
1870128
2199206
1047586
1396405
3416839
3720715
2170062
162361
4833720
3127514
3536305
634999
1562419
551015
1582626
2281702
190772
2394481
715952
797187
176062
631660
2429912
1623784
705191
1114423
4798800
2741844
1061538
3602355
4582895
694466
978743
1471468
3237661
3216789
107428
3667001
4267717
1026252
2212496
1440159
1610991
3954926
1079171
3096538
4958078
1421837
1109813
2500912
4547586
2159115
2437172
2726847
1873770
4031915
361583
2771739
1480299
4655381
2984005
1713850
2700114
747103
1486865
4045580
3255123
2784316
4344920
3894500
2401541
4079174
3067368
2217659
1404469
383803
2505089
4950864
3710143
2831839
3116480
3260314
3125724
3107130
3657341
846877
2433069
615737
4844752
3909537
2848179
1077187
3602652
4607881
2003601
2885865
1754472
2336022
3947534
40756
447936
2985462
905535
1561198
171411
1190528
1050076
1022650
4392557
738707
4992492
3013331
4776258
3460190
173867
645241
1399659
2384892
61849
2739682
1678294
497230
295232
2505705
3897294
566284
1095003
926257
3016809
408472
1258310
213816
3538447
2305747
4893926
3777540
4879482
4462780
812018
1906991
4753201
636468
3956641
2180374
3425761
869672
318282
2804016
3020977
2474794
1514474
671293
172212
4630191
2558003
949812
4618630
4143571
4310510
2521839
789053
358286
2713198
2087555
4151261
4950485
3141302
1059932
3616077
1005484
4891147
3300770
2719741
914892
3631391
289111
4224003
4051544
1862575
3087848
2258479
3569749
1093299
4617842
974750
4689951
1916132
4960519
4073711
895624
1664460
1827479
658799
2509221
1660813
150218
771054
4102751
3874155
752424
2405751
4662897
4761537
2938836
3704225
2819302
4392427
3109809
208180
2584039
429623
1979822
2174369
3778621
2042352
3173910
1550407
152091
34822
3792691
2412545
2883213
3120284
2328854
1681061
4663666
4078549
505145
1565291
1382908
2087246
699995
1127717
221695
3839750
4698574
699718
3527874
2363383
4791804
1418911
4495231
4086366
4256300
3775398
4140349
3398233
4479393
160198
1226504
704895
3488129
1266917
2537907
2198998
4184883
4600538
184606
4835204
3331247
206302
3380179
1688084
23104
2895045
3569107
3502150
1315621
141215
2239575
939480
2675842
2528782
692600
191283
4072997
1891205
4967717
1907539
4076612
4910819
2337809
680512
2404843
2259294
4447842
4319629
2014439
2805428
4727551
4478441
2229193
1477465
4605930
385272
2667569
3859367
2201423
3596055
4932994
3615449
4186855
1644783
2114354
474548
2474636
537971
902581
2647203
3985122
920987
1357398
3439657
1834714
4186475
3577726
2136017
406660
3986608
3218289
1056726
266329
374337
2850437
4542308
3580421
902277
4878114
1857797
1552900
1155529
2597720
2367174
2090960
1029118
4738793
4141916
855869
2510435
1750928
4861301
1324431
4473925
1230349
4292979
1837083
2535050
3488469
1880331
2623174
2080627
2356403
2639911
4896859
2821830
4696494
851162
4504382
2399810
4835183
1832481
1194816
4571970
1195641
2039919
1509581
3534279
1427801
1885643
1422200
53469
2215841
4655761
965984
1550225
2532886
1529154
2975474
3140466
3967426
1922800
3669874
4436505
2633806
183160
3990782
1450074
4777157
4255101
4922834
4500495
3297732
909802
2439678
1879657
4769227
2993089
294088
2736729
3440932
680121
2717738
4054985
3915224
730336
3784701
4238465
2947943
138636
4655475
4509868
2500806
2122019
1555221
826610
3930857
1663074
285661
3752143
3790727
3609432
1025589
4820754
2327177
3598853
2687653
1645674
2438762
1334304
1300321
1235194
3441550
4163463
2632002
3051680
2371467
675018
910246
4032459
3254684
4566876
729159
3550615
3416012
3962243
4621110
3541968
1404368
3214520
4815071
71290
4813681
1053376
2871126
2463518
3120464
4206294
2754346
1656984
3885886
1744798
4223967
3737754
2026033
1878307
2980231
747834
3802056
4131848
1031067
903460
1059050
3990777
1797026
3998735
2946663
3079728
2173690
3174363
4118597
743415
1425759
4144359
816335
4616475
993722
2790903
3690689
235745
1474041
1523823
3186684
4730206
688969
4575531
2441537
1179898
4033895
1412936
3076681
1459055
2720784
1311295
863800
4599612
2467161
3180014
2045785
4757242
4017420
781443
4540732
3003318
2304516
912739
2175249
2244334
4088083
1029037
3560143
4532506
355083
4380618
4899126
3240197
1929732
2692995
2089149
4190141
4167098
4713324
3670835
1390079
4884402
1037450
2579039
4522242
4638500
4565155
874651
3874295
2865692
4043637
4581870
3987286
3962784
2548393
3821229
4370983
4245477
2102016
294528
3032126
3679119
848837
278951
2651065
1651734
1604779
3080619
4486580
2178603
193421
2191398
3369502
1011560
1403436
3222365
1522932
3998643
4475418
2971883
4101000
3449737
338914
4215740
1984819
472616
3112716
1406198
1516608
4106759
2181076
2945929
621830
326323
1585080
3641243
467812
3175511
2658612
1870433
3171312
654626
4666361
271117
2774082
3765045
4498197
2762362
1945961
731911
3683222
1946202
663896
1572874
1953816
4342194
710212
154610
1165116
545435
4755536
4562362
2207773
599224
1768692
2300647
540842
1201753
2204280
309657
1954512
1274960
2561167
3419778
3089057
4679582
805547
3761297
4871636
463008
3693888
922725
4161788
3386953
1328318
3996811
1306631
4210837
3042026
4513034
3144753
4050545
2884544
1358996
3498741
3054810
3721600
3824792
1425095
2905924
990093
2349185
3234958
4102955
2887288
4902693
4239897
4033860
8438
4637912
989895
1450992
3286660
1401038
2827329
3245336
1138739
4999812
4991360
3786631
368019
1151533
1207320
4643480
489455
2743608
2581586
2032896
4311580
3776871
4511864
2372867
4361635
2863486
918138
2655709
4918543
1055681
598612
1336267
2253821
1816803
1571539
2208146
1562955
1328710
4304103
1032665
2403759
807583
3986644
132720
1166015
4802777
3015124
4188467
4285944
2779037
1528793
3615380
3040986
3194383
3370101
3403032
2082195
3761210
1973862
3620276
720306
1838658
282758
1818082
2810827
1424706
3691592
1809872
295077
3361401
4184809
3689044
4935924
1582452
3252866
4759028
2945778
2414574
4686699
2287434
3992845
4582309
1856101
974193
4876500
162169
2097507
4002197
3058355
888460
4813792
4745192
2886577
3394633
2273315
1033256
43710
2415243
4206834
2829702
4107890
4205291
1464619
2107595
4418546
939450
4177497
2558071
1895885
635127
4448372
1488343
2931400
4260856
1103522
2817729
4772174
1871465
4443092
1415503
3713117
3218330
2797
4578758
4040517
16082
3402174
4978677
1010384
4032840
1008706
1721680
782114
4601775
1570193
3278922
3994529
2863658
3522482
2092438
3388751
3897292
1222296
2900678
1373739
704315
3178634
3033492
2832642
27910
4416370
1994611
4406673
3942632
2098779
3497292
454985
3191699
1110867
1894431
449306
633167
1475531
2543477
423920
1429163
2066022
4708202
4324780
3046616
3950444
3310863
2731158
1928174
4510507
2211791
4623417
318590
1059154
4333347
3025977
1175808
3135447
389713
4471743
1063298
2301234
3398014
4134222
303705
1469125
584833
508498
4655840
2649596
4358938
702397
3882744
1023976
147547
517453
3574604
3464539
4974211
4911686
1213681
4442858
2633288
4350148
4547234
549722
397891
2221463
2789547
2747321
1831059
1174635
1049444
2985828
2192052
3566820
532524
2275035
2599897
4567269
1136184
2030914
1110824
1630132
176338
374057
1255459
4826572
2374613
904838
1226221
3491923
1689359
2104122
4705805
2581131
3233261
246024
507013
1513670
58994
4656555
1896638
4595716
4565991
166272
3028679
1155920
3420782
311936
1433210
3421070
3605658
3615170
498823
186575
3771190
155958
2698199
3287695
3434129
3004486
4370346
3381060
4574190
1727881
2378419
4802648
4624570
642300
3699736
4137764
2779918
2726027
1417097
1253563
1502452
412167
1497292
305011
4659214
4522188
1460748
2018897
2827156
143387
1613266
2693790
1464845
4887307
814303
4277132
270521
1128660
2743897
3696775
2125286
4352013
3409710
3335079
2906876
1393741
2874025
2278918
4658427
3215489
4154619
2291283
1764314
556061
3394920
3374624
4600570
2065285
2821888
1405827
1376105
3707668
561431
3637280
467971
1659558
979645
1908805
834063
2222640
2089309
3472607
3538680
881261
2825892
2344602
2610255
1418112
3386842
3533416
4273045
1775106
4835035
3516168
2742383
134758
3467979
1154220
626408
2670575
2968033
4826110
519193
2465709
3264240
1059750
3477229
3219415
2908283
2253410
1530443
799840
3974553
3274940
883910
419021
2039657
986499
2871398
588814
319072
1991057
1060599
2243199
1513471
4860139
4213671
2997337
4746864
916822
1307405
989375
4324077
2870300
3069641
2618579
420162
2114833
3966010
2888308
3057533
561999
1836297
2093284
3588123
1132767
3097569
319453
4276471
1656906
2393888
473802
4098583
4558808
3744397
1877858
2328912
2831106
1824858
1096838
732694
2177812
318622
4731287
4419315
4593582
1654122
419274
3142188
2100621
3690709
4868776
4386862
5118
4662002
1279548
2535746
58815
1806640
3646543
1177832
679563
2276732
4843631
2081555
3875242
2106216
4136687
4901492
1151365
4449585
1284482
516502
3350687
1453537
1215548
301998
3766767
128271
2274053
4562634
2872784
4998859
966373
3150057
189433
1215081
2523199
4850804
3683618
591098
1130768
2080054
2245911
2756852
4439657
1555507
4456208
1540506
3229275
3674853
675429
1504978
1147709
717988
1993997
3927169
151984
2002272
3944216
1933531
749075
2540164
3109357
4600915
4846246
1005589
2843742
3077314
2791167
671959
799998
44097
372720
2300758
4211208
3695436
353189
2948089
944878
3408896
2682626
1991430
1221891
3181219
2619166
3860414
2669500
816645
2627726
3402581
940112
3354757
2124512
4155635
867306
3172240
4464571
3998686
2626532
1085881
3673267
292381
3072301
2574260
4667127
1967880
2555165
3324676
4015863
3242418
4959791
921286
2930496
4407443
2689677
53069
3307090
3162298
870414
3036472
1727214
1372178
2618898
3598679
1161295
2018775
681423
2187566
511518
321939
4431589
4572559
1393016
82283
4689172
4452278
1026895
2029827
3176547
4662310
3204330
950147
3516012
4756211
2464074
3503653
22036
4169338
3828384
1672176
2939918
1561649
4190859
1834896
301265
3781136
300464
2717977
4346076
563530
2937281
4589359
2912357
913375
346584
228776
3145808
2920198
950101
2091256
4062957
511882
2482286
3137170
1764384
4763257
1133752
4228296
1533046
4476941
1160776
3011916
901279
4602390
3659671
558934
4655628
1675182
1273002
4503241
4674650
2345739
2636131
4233765
3973870
13225
3578943
4324624
988850
3903560
4405311
2211965
4296247
161551
808707
163229
212814
2665288
1737835
248436
2286512
2291182
4676060
3138976
4586197
128285
1718591
4556110
1618147
4522935
4811363
3395561
357234
2428871
4910453
3281836
830432
4430008
1761891
4540999
4339283
1729688
1805283
3466681
4664725
1088319
3588325
1231003
194107
2827646
766536
906374
1400061
3337005
3990939
3279459
488317
4198617
2984562
1634795
2890975
1602344
3887493
3475003
550891
3551461
130097
2424922
3006282
650170
4473563
409505
92544
2582165
4237161
2424732
2043060
4624458
8650
4079909
1255033
1203840
1091538
2941439
1055554
3080863
3762220
4647650
3459330
2591164
4595675
4587767
1493804
4382396
780215
4024356
3949777
3938129
679619
2949063
3275511
3335498
2568156
772178
1068848
2790472
969611
506276
4258742
1083304
2795124
2736382
1560585
3445744
3771808
3849900
861314
134372
4793339
4387878
1104176
1166904
1398365
270755
3681793
216846
4576839
330967
1649014
1926001
3792235
1911080
4175662
1553987
2797503
1424481
1101950
1343554
288090
3071219
2931060
4482380
521721
4663928
3932025
275881
2164723
2903996
4591189
1744425
1176097
4280963
3472303
1619829
3444013
4953036
1442843
999552
306707
4408830
2988847
2208987
485087
1524819
353576
204776
889346
330867
2338102
4019520
2253011
2063024
3621361
2269987
3505
4734618
2631414
4999983
222876
1627672
4553486
3930393
4285793
709726
4944139
2180968
3538734
2887477
573140
2074774
2952110
4959295
4806174
3036355
4184371
2526275
1061420
4366542
3580204
4804602
4059745
4910511
4684750
3145005
1234284
3076521
2751039
4899760
801841
1897008
3446385
598701
576774
421781
1360281
3383384
3359670
245382
4309375
4842358
3478981
746067
3847102
4959871
8959
2187296
502160
2313907
1203710
1276252
4608293
1790344
3310181
2137616
3433302
3791892
211891
4331481
4680589
4389385
582684
282361
4356712
1098951
3654384
3110438
2394593
3283601
1778424
1951929
2526771
1182065
402992
830824
2193985
3571000
1787630
3525498
3447399
3984970
4633138
3817577
856528
682723
1409917
2229237
2878668
2453412
1708228
4139304
706647
3733798
900018
567969
1835006
503616
774630
501374
2887744
4833851
3999757
778891
4844639
4760620
2944007
1398832
2210861
2279170
109749
675837
846069
4921250
3420594
2293086
609685
1574837
4454239
1360669
4387145
2728635
2548800
2314896
2978163
3464495
3522231
549447
822105
4477620
3550185
1396901
1749463
610820
4812332
1142786
3799411
430297
2725115
561350
4350562
2654941
1896596
3795959
3873999
2526641
102155
33123
1730046
3283667
4557824
1180275
1534230
920691
3886168
825993
1768110
3499795
807328
4553605
3285143
2918433
4243912
540056
3729875
2290405
1554590
2999091
2445413
2704405
3822721
2087215
4731117
2797732
3473812
2055831
4005306
267954
2838340
628811
3883863
4951968
2493448
68388
281064
3004754
2403006
2969438
4986962
4623459
677091
4906552
3897912
47791
3390483
11869
4390434
2240563
4151567
2946637
2703375
3974061
4468234
1195844
2225310
2633653
4124020
1481815
3424213
4489803
89457
2755678
343351
1011686
994748
3028223
2082839
807613
216148
2575064
1041262
1294144
2039209
4453873
4480310
1476718
1999600
2303961
733585
3470876
3598167
2465028
3199458
4818225
4136009
2474005
3754932
1658124
2407786
4651691
1172093
3596399
4105770
1404914
821252
3537283
4586381
3534661
3845188
4970549
602072
1946879
2503419
4414221
4971794
3278317
1296142
1330618
752469
3650009
3645006
4539694
1278879
2602381
2124888
4877963
1651760
4996344
668593
4866247
4057275
456117
1717548
1004223
4808635
3029315
3202478
2766830
1822770
1954192
3287653
1195358
2855729
898765
2495618
2855770
4098370
1974540
1532569
3926632
811491
2720072
4293055
4869923
2731819
314364
627985
2825836
3260624
3402882
4366732
955707
1931306
606186
4260125
1775499
1068626
3767826
1130584
2909114
4881349
3660284
4799500
4348005
4214294
1121629
507463
4526438
846028
4738924
935869
2376747
3468599
2314836
145104
393658
1935592
4590093
4489095
460484
3693409
5759
1705920
875075
4544862
3202086
3476169
2102471
3605654
4846994
521885
3049542
3647043
2422645
4599830
108602
2296908
773807
3257047
241709
4968944
4460738
196102
3634446
636471
3053357
627768
66152
2969567
4307142
2042559
4430541
1406936
770798
1358041
4899035
3132205
4279260
2178361
2836280
398430
2423991
1853204
3149455
369075
3171222
4700164
1702985
4118121
731709
776313
4254481
2605827
2732589
616166
4720221
1533600
1664343
26235
1155896
1610904
2059443
550601
3797830
1946766
544867
844523
2751915
3866265
4585575
1701537
4711596
2980501
85986
2226287
3150199
3215820
695623
2796234
3402556
1056581
2682349
4865226
123036
738721
4467564
1199311
3027055
4010338
140412
1919825
2919639
2901
3473388
3387354
3952082
1984223
85141
3570302
1735852
4791796
3389853
4875484
1623204
3966042
3256570
3746815
707950
4459513
2563046
2963827
3113396
3354948
4354999
4928190
4918895
2795558
1788101
1132529
2023674
2634568
2783532
878457
3302364
4304556
1437918
1764281
186815
1060907
4570987
1517079
3264284
1669982
3486062
3041897
1398043
3265078
2782368
2684549
3885676
3666909
2893013
4675274
210016
3949072
1665943
2397349
1298485
3667804
28016
2522177
3381395
2011848
3887373
3204237
4409021
1940211
44400
1258730
3191702
740495
2818260
4025292
2327493
95896
1137062
4374914
4920361
1499403
2657317
390257
918040
1017184
4782885
56888
3202804
2889771
1467435
3178631
646480
910925
3047744
3164333
3227481
84895
2553653
2129542
4820613
3845474
2542906
1155035
1877905
1091701
3999948
4094003
2099224
2596043
4129625
1317681
3368502
1028189
1835777
780543
862602
626263
3567729
719611
4596822
1518072
3830114
2827329
4920361
2996937
3344914
545436
3334008
3795719
1891603
134088
4225244
311832
929333
726328
1337365
4974066
93538
96396
3798256
4741446
4424027
1652605
907688
1104509
4476714
342728
4030494
1162010
4765068
1047362
3622474
3220384
1389883
3123498
1197364
2710488
4082184
2921564
2933412
3850292
4939869
445164
2337406
22576
3691877
2521320
3265283
934229
2604655
1034834
1508919
2789233
3302277
1413974
902776
1713636
3965995
1892931
591040
4379866
434629
3146194
4485198
4801679
324647
71978
4871710
2743348
3070656
4675915
366860
4053097
3167765
1862920
1765691
4466372
1874528
3432996
1841326
3374577
2598909
2223011
1097952
321412
4137127
2900044
3951323
1959234
4980398
4322574
4182184
3785305
3304178
1954087
4390741
87853
3495793
4961791
2114264
1300744
1009118
2804732
3535038
2722586
3902557
1367213
716320
2072793
4697281
629033
2503510
4041069
1629650
3546263
2211162
4761585
4135927
2583677
4619702
4416372
4404174
3655569
1403316
1421888
1259996
3917874
933496
2790112
2962656
2837510
583874
3783878
2771426
1478184
4543235
909143
4109210
497982
3205564
219763
504462
2395575
3478312
166981
4696593
1084770
2172216
4626555
3970311
2713177
2500052
484957
1957961
3311470
3838771
642251
4528180
2407197
3947632
2419401
1067428
1814156
3425320
259001
4605767
1321012
2987866
1956235
1383460
4557793
1399362
3380377
380068
2336221
3565404
3504359
1333052
247880
1290135
3033318
513221
4259776
896291
840632
2440396
1273123
3758965
3993295
4006386
190189
596034
3612704
4193896
490982
3848001
707300
971312
4393533
3707585
3531939
1630783
440169
4350920
4588355
2481779
2775987
2268146
1366605
2576934
4460755
2365197
4617924
826973
3184106
2813493
4264975
3320901
383740
4560909
558564
3307841
3488126
2429408
3131085
1168768
3627161
3533928
3522009
3028174
4335394
157332
3306932
1470020
4440688
1482988
2891601
4683035
3740606
370243
4126704
4957666
450891
585410
4671009
1665536
4621908
3402775
1964294
626235
416833
2313006
680619
4167414
4788185
2033379
2040822
3202763
4568257
365496
468036
1864119
4808209
2533071
3299865
4465193
3562515
4205253
436548
3185267
851796
998551
276637
1177950
2933797
3295915
706465
717689
4998631
4609264
51584
1037338
1685327
3426368
4161507
3346268
3322915
4664560
4543124
3542791
1042441
4164338
4403062
1484674
2516759
2391620
3205168
3118117
3381456
2040033
1320082
98963
427160
888384
4345911
1491266
4481975
557001
1400479
1291388
179004
2125481
4736019
693189
941390
2538118
1051830
4797502
1814997
4653359
2138108
3928124
4612089
4463937
2121087
584813
4151730
694848
1187401
3137652
1133423
4955528
3065629
729817
395084
195952
2033185
4105088
2724299
696736
1679701
3163671
2079289
3998559
3097295
3863381
1269125
2590136
2244772
3384666
1158724
584800
2168839
2380765
1528376
1192638
1788644
1548335
4156613
3770020
2789969
1748003
1332162
2717244
4392267
2045707
962042
4179648
1894363
999657
605018
1976533
555240
757536
141445
1167594
3026274
3869393
1879032
2226019
2159888
203815
2440879
3762003
150263
3272493
4113961
923026
4238259
3511718
1638127
1748713
2495925
4952067
2636737
3700037
1309714
4438359
3367563
3877788
4637238
2738006
3067672
4994361
1776164
2224942
651623
4987208
3089630
2685358
2094103
2556126
4668143
40467
3695969
2944042
2373472
231047
3460175
4662421
2700582
646855
1352977
2552338
4342190
3891090
2572651
2906463
2958122
4499404
3837076
2618753
4158719
2091635
4430094
3862736
1989856
2728713
2882233
1123674
3900328
2508118
1562506
4097849
2474758
3150339
3842684
3001152
2876137
3679959
3003820
319775
1674934
3392340
3766181
2628056
1389775
4957033
2834530
339111
1884320
3766287
2876504
4944044
4628986
770004
2428095
3692789
1903498
945282
4727944
4607851
1151911
601270
3888943
1067864
1438702
4972141
4736448
3196383
1758313
218239
989649
2996391
446748
3441443
677798
13769
3055494
3473343
3504801
2320805
3745141
617630
3748519
2448117
1897595
3754476
279078
4203527
3450457
3146785
261328
4606974
4250537
3112717
1253053
2382771
2785925
2788059
3993039
4006579
197581
663932
3298621
1658958
2206561
3855112
4330335
4297405
118386
3270485
2686061
1630458
2607081
2202221
4483544
4172161
2063004
326438
1216558
306513
4216597
726523
4924480
4532552
513020
347688
4419786
1673306
1088537
347106
3342461
597774
2714889
4203611
563104
2062345
4587391
1088197
444381
4198062
1336805
2939033
834379
3348607
4688665
3848454
2413659
4705348
1773691
491686
1906977
2932380
498598
905553
94731
2627929
1256099
4890079
397183
3867648
28602
4493547
1195287
1859738
4653433
927223
2842347
4948525
2467461
2415014
1981783
966532
3802415
1407945
2112982
2640114
77080
641701
1378229
2536098
4147513
1652869
1800232
874749
1665456
3176405
3754852
126385
2347602
2856213
2360279
2386066
2636081
2969239
1021175
4072379
2722405
1281382
2134217
3599443
926378
2057848
2943924
3931583
1214503
1296520
1173434
175519
3666719
362355
4711305
2674600
578519
3821362
747966
3297212
1166156
4844303
1196318
4439136
3094618
4264087
2902075
616567
2148999
2757404
963828
4920975
1803110
1680052
3793742
2016104
1460138
2637101
4084047
139293
3770447
3124109
2277186
900614
232002
3246936
4333121
179968
1418836
4209365
1993610
4524459
3162122
1352498
803168
2107024
3416127
1996471
1212361
2172873
954946
1340737
1018592
342172
4147936
3188521
336589
3119676
124794
688787
2471512
3025265
4686847
598811
3977517
895441
4533981
4696593
1435991
116133
2786258
2142259
3519311
3686159
106164
740513
2172171
2655538
1747962
3038303
4530948
1139657
3576844
2609922
2556806
1823276
168550
4490741
1375488
4019078
4252283
4369122
42820
2925248
293663
395627
1283850
2105467
3786216
2956406
4656751
4016565
4654250
2891297
396088
953600
1492833
4050574
4910339
3780200
1010495
548107
3045558
2624241
4186676
651994
3177592
2158027
2315609
480629
4343712
4221590
806800
1069594
1956787
1666514
840948
3455287
4997591
3455791
3980340
3892845
1867202
1038162
1240246
752739
2168197
2301743
2334424
3722886
646868
228920
4809117
3617766
4575803
1600585
956041
3357330
455353
3451015
4836438
4914654
3146853
1203670
312196
3606238
2688970
1392758
354691
694414
85790
2710573
1043160
2027117
1019292
3277673
3152369
1368733
1048399
4333017
2141288
3128087
1617460
1621289
1057209
1535313
2766538
2933244
1382033
1314491
450166
1907601
13194
3845636
2853214
4973450
4034670
1158843
4490330
4551820
766690
3599718
1547436
2747562
3385625
4190734
2337563
62403
2062204
3652021
2652448
3765389
3456439
1535071
2926773
2799484
1435213
325207
42514
1723597
4750157
2399313
2625074
2716068
3218485
4835647
1384449
3791109
2110685
1043522
219256
2113153
3424246
2740206
2213463
4639411
2315952
1928200
4591852
1336828
3736914
2063892
4750738
2708452
2763028
4831568
1110583
379532
2377521
4472331
1783279
312435
313917
4597193
2201659
4140729
4160571
3075945
2640862
2812584
1192438
2033309
2693933
954912
1133155
4725803
1652545
3859812
239301
4863324
4893295
2718751
226274
1507957
3168554
4311986
414649
4638101
282183
3168636
4712657
482445
1260579
2937636
4425634
1739266
3273620
2697747
1697957
2574252
2568523
430142
1190831
2046526
1243590
2131513
2549807
2242556
4228046
4843814
3241547
269923
3627376
780875
4345055
3987723
575791
1231460
3493658
3537338
497045
1185995
2906598
4582092
321866
652634
4667981
570083
2479473
4581302
4509420
4209613
830696
4512953
170217
370842
4294453
4903043
1889059
621936
307288
3893836
1782712
2937208
1419647
3508580
374718
2281339
2114258
4503341
2511606
241894
898973
4997142
1027503
3719353
2818766
160709
894741
3684706
2425317
2529732
4696434
4922942
496187
535749
753726
4755149
3876542
809702
4856524
1381971
4351199
1179269
2112282
4530592
2514136
999593
4629928
984135
3544358
2367476
972863
2894447
902876
867637
3094238
644170
1821409
1518561
3677240
921618
1243299
3365451
352953
4669949
3144040
3509037
717691
4229341
1440288
4902841
929348
2129938
3850597
3544601
726570
2503872
1303835
3381971
3019589
4714833
4629005
1746575
641911
2087586
3930385
804828
1577567
2470939
2909208
2582331
407455
556101
4355052
2049084
333361
3508263
2175416
865694
2973260
3402877
1937817
977564
2057318
478221
954093
4812291
2713102
1505047
2918193
3833290
3736347
2883072
3748585
4543018
113667
1843783
2005075
4470425
4813243
3247572
3717876
4479370
1736470
2393910
2220983
129320
2186521
2751099
992492
3820012
516602
3016866
1116715
4446636
76174
1423843
4950192
582859
653770
3504075
1681869
3585519
1938412
329838
917161
892420
2113564
2434445
1548874
3457537
274027
4410182
1782698
1910521
3326418
1310492
2372222
2998886
4564222
4067188
1052559
3349598
941244
3721761
2363328
1145345
559111
4074638
3246406
4137555
2249628
2974242
1504477
2056763
4358587
1533587
2844672
3139812
3113026
1350537
3044199
423191
972163
1374559
192796
2230034
826255
2855328
1961138
3691665
2140801
2393443
1694430
2690827
3950209
1256011
4248378
3019569
4809387
4837721
1617305
3660655
1668559
1846449
3405569
4990579
116905
2177126
2339367
4741514
3768314
383288
290806
2807954
766889
4622280
1274442
4735107
4596209
2451752
1946818
2163534
874614
4926715
2343360
595190
259459
3539164
339141
1432072
2006336
756512
1516256
1204738
4803912
340104
2236387
3653828
244074
3319884
4209094
4198002
257279
3055176
4178332
4728944
2771206
4263291
729568
1220931
2310677
2621390
2250994
4716282
201181
1843129
4125656
3946511
1270626
1102708
1031543
3656504
3041166
1884180
1359749
561909
1298404
1067245
2466052
671975
1589596
166938
3140313
2098466
629412
3774116
2198130
181764
1214341
2063769
379664
4892522
3297239
153522
3890564
3071236
601955
2682821
1314253
4335878
1681420
1373389
531181
3441794
2004279
3531654
3857055
1533983
4196167
2004303
3259197
4144350
446074
3473311
714738
1157329
60465
692036
4860259
3555180
636178
1034019
4280169
3165051
87176
527950
197052
4860850
2300623
1393947
2134967
2839553
4867748
1099664
3192911
4807297
1108568
3639105
4583612
3426294
837260
2905148
3999926
3202965
3220231
4065095
366790
1952120
2460769
1347521
4772860
3554803
1057801
188856
3474605
4458147
1435473
2280222
2325603
4435476
2094052
396964
3986511
2927505
91448
2074209
2797266
1527623
2184820
3799112
2839436
937991
4395171
1558674
3844172
3586241
3294084
2089521
1742126
4122317
1860807
2558375
2001775
2201515
1724139
1219150
2181436
1782419
1557821
3739184
1631688
2935954
554535
1681650
2883609
821876
2571317
3306322
320761
4580167
3214286
2760353
2229015
3138675
2631992
4256619
2853463
3674000
2129455
1360162
4583808
2151417
2033570
1462151
2913211
3657543
1716276
574294
3950343
373824
1497786
4795042
113245
2970526
3407220
2558916
3949433
2089842
2988794
2903043
2465948
144770
4930283
3919943
1869744
820232
2798529
912410
1664429
1514364
1661812
2772092
2000512
1098037
2742992
56490
4171206
3381862
820013
4844833
928127
4966582
3138447
2331807
1661492
4335269
1658636
2495308
3440079
2996943
4517293
4070069
4949145
4174660
47045
760391
2373272
4791180
3195587
1527620
213024
3705820
4216451
1849699
3893808
1780570
2597078
1673182
4815163
1448639
1684583
4959362
4196534
1415644
1508120
4115190
3017768
1458497
1450198
581887
4083943
1863030
412131
76166
4386748
1851805
2436567
2129643
3612143
3168475
2037403
3179105
3348330
2886984
190800
4314322
4618938
2519888
1065359
3723873
102814
843560
2262803
4620125
1301448
906242
4161294
3264815
2734309
4371723
514373
658191
458456
1370289
2328001
1630056
1979449
523084
1418272
3545865
3640430
3518879
3242547
4885872
1666566
2647315
3108007
4417141
1708634
2446873
2146219
2422815
2220475
2814143
3794947
4902339
720160
3458727
1011852
2495244
394687
4677332
3347588
2824338
2280445
771369
3660772
4883334
356532
607365
1677498
514956
3073881
1963940
521942
4578214
1166743
2713368
4934403
3937259
1219334
950430
2385549
1422944
4586663
3036056
4519905
2522453
1122161
4958769
4214918
72769
3362062
2358374
4238544
820700
4778062
3793231
3003443
3010014
4493744
1834492
4658961
1395341
2329330
1574659
4674847
3917549
3367571
3404862
418986
1334175
884907
3566363
964072
4988526
2824090
3906107
107687
2370155
1896315
4456976
3793409
1983553
176588
3513348
3807711
2027576
1489584
4077374
3050739
877743
3590757
31169
772683
141300
4756183
174324
289111
3877655
2059677
3280383
3220146
4793072
4110025
832474
1089059
3273758
4076331
1980894
950576
2704123
4317185
3297671
4214607
1128806
4630298
2348820
2969769
1861460
1901005
1863916
1811885
4845683
4208436
3374890
3520884
4977444
2526319
1968960
4418041
149845
2918848
2541360
703747
3770712
3451661
709846
720690
4748755
3184447
2955633
2911542
2437574
1466075
4720633
1276693
3075830
321244
4468396
4213721
4538984
1696873
1325558
4699633
1074456
4675
1018494
4645019
2873942
4118693
4613976
384554
1785430
3382430
4281215
3822979
2119039
2068217
4515595
4277301
487490
3958764
2689278
1224590
3663824
2377852
1157354
4297422
269933
3882053
2232559
1210501
4285116
3698896
1487217
1376397
4157080
2215908
2429635
4809049
3465008
564642
2968524
2233889
1363252
1325880
683165
172911
2579741
4213335
3964424
286920
1493114
914245
4029036
4067280
999821
1401112
564045
3347616
3003967
2847386
2035670
2528198
271398
3558152
1607317
2708271
659335
340524
2421351
2318645
3115941
2996446
3572135
3815082
1209422
799041
3641155
2385950
847704
3370126
2221764
309598
2182626
1937564
1325034
610379
465456
3513303
176391
436164
4073527
170561
2947014
2564579
1864468
1981279
2657326
4559236
3501748
2582189
3910156
3443625
1597780
2999925
4224119
568213
4710064
1462138
675482
2877394
2598403
2220328
175807
711793
3318906
237132
3150502
4369137
3302124
2603396
3557090
1447964
4189152
2655984
1355942
4810668
4316658
3079459
3575949
1548917
1361434
1359365
2206995
4683715
4611655
2178495
72841
1913614
3445704
1780113
1309701
950724
2620284
341046
1325592
4924439
4833057
4425827
815879
757412
217120
3552797
3450521
4401675
4846350
95293
3757377
777249
1005027
1699871
735602
2482647
3462283
1053762
1283676
2883518
1683817
248898
4097937
840756
2798279
1687494
872224
25793
3234932
3534374
462268
2173879
1935343
3120654
4579983
815310
292170
2812226
4029367
1551038
417382
4594302
2142486
2163529
488526
4916506
3210441
1026797
1110013
814626
3573140
1795806
3936060
2314314
1317861
134349
3468310
144467
44120
4709360
580759
62834
2901937
1515374
302366
1891801
2503279
2903118
988255
1020163
252704
3625
4538868
761502
3828138
2035347
4579661
1232519
358987
46090
1328409
4385068
2853380
3449616
152920
4539317
2334004
4098397
2064161
385182
3376381
1014790
3720820
2961740
1179078
4863741
3012908
2402375
112142
3169870
1176683
4259501
3012894
296983
4203373
3437950
3533028
216967
3579965
1905888
3681986
2704216
1824430
390569
1173453
831005
2302004
4981812
1037813
4039529
1894691
2493439
1445888
2022957
3796025
1767304
3281983
4345035
4814517
1483042
946956
870296
483667
3148563
3924368
3894095
2485930
2678183
2050595
1559781
73671
3773736
1047529
981803
3080379
4895434
3187371
1300366
198038
4250818
2911071
2298795
1407024
4352326
4631325
1761845
765186
3982586
4931238
3939759
2151720
4008689
811656
4369919
36783
3347584
4043237
563939
2369265
2943240
602690
4612779
3281483
261287
521612
3621625
15244
2341827
1604530
1144470
855405
1406917
29668
4766860
859081
4473619
1848746
2783579
2020657
1094651
1312044
1828046
4091301
2907378
3442835
2574257
2662628
4240842
4863618
4519213
4532900
3878258
4556741
651922
4362010
4273641
946793
4114227
192504
4756299
2115711
4272608
328325
3779173
1868474
2647848
4229785
3120448
2942539
4425424
3605464
4918625
2684704
2469723
1003418
4474931
3316554
818211
3492189
469553
4238142
3701293
588573
4249715
3899519
3484208
2265850
4238071
4509335
3874664
4811424
3580769
4518372
3527252
3173245
2051341
2720637
3204067
1896573
199119
190391
2127188
4285783
2723246
1546693
2937510
275161
4859930
4142826
3737747
2129744
996234
4812008
3991708
2094885
1534971
4217048
789453
1717086
3409656
4293607
2848022
3960058
1429199
4435722
4271462
4567645
3620288
762768
2195967
370555
4322179
61516
4540155
4284685
2211750
4111072
1502881
118493
2547244
4459478
114148
2954206
992366
4725117
2421274
4296527
929988
1572170
4148303
3531772
3548778
3424991
4904253
3096441
1719697
4141505
3866067
3587651
2548302
86374
861375
3767526
176716
326534
571835
2177895
3639443
3625531
1030354
987159
526734
4523116
973982
4317946
3092321
27067
927867
646021
2538367
4944657
2847859
2691356
4585886
2312000
674058
2684124
113528
3249407
4867947
2091632
1207083
2956432
4957672
2719609
3835938
4029329
1918488
1618818
2471194
4699109
2117110
4095566
1024163
4020735
421510
4665542
3191182
1340121
236179
1429018
51388
4762308
1224345
2268211
3025546
698068
4534897
4632954
1234981
3815392
3926898
4156559
4442323
464784
1463291
737132
3303083
4452809
956411
4525836
1656528
901260
3607564
3276493
12431
1713092
4134310
2363925
363880
580141
1381386
985880
3956179
3630998
3090275
3280202
4507215
2888368
1676246
3147510
2438188
168450
4142969
1621358
695192
3866065
2212057
899215
2825703
2558642
2746787
549207
4795011
277132
3314766
364030
521454
2891261
1817430
1579471
4719743
560630
4821125
2119738
2586863
3173717
614844
4388484
1767999
4125042
4987577
601567
3360041
2155076
801872
4116951
1188428
1525504
1985256
2001841
3470471
330664
3985948
4015840
3034212
2717756
1683762
2555739
4268889
347273
1062831
3268693
3717033
3576723
655973
2196443
2857932
4628238
1082140
3740295
1758831
4708679
1534959
364939
4481518
3115577
4606702
345442
3606090
1428311
4169160
1112843
735804
892457
2503179
657608
2430830
4329621
3751282
701877
3158964
4687751
1262221
390663
64032
1299955
2043182
1674394
3498336
1992229
857231
1635862
1431634
2037881
1026492
3637176
3818953
35140
499326
1184265
1411016
4010763
1642010
3312556
1720211
2242384
2632443
3804980
4072509
4641916
2272905
2038121
3381565
1060930
2481313
3690776
3374620
3533618
4347602
1410810
2717320
4884070
1743259
2505641
4925843
3335672
4914631
3021499
3375182
3139132
506553
1950859
4575813
3741
1209402
3982123
3246344
1500251
1572429
757166
1676310
425008
3051403
3469487
2203055
2526374
528843
1654059
4424144
380237
1842711
3215861
3396027
1657322
3897660
4022358
4667052
306750
693904
2311128
2882055
1496947
3829557
521898
2152290
2881548
2136952
2854824
4502997
4736935
4261468
1570408
2466876
2752645
2098837
2974310
539460
3228476
3519405
1703358
777203
1908074
4671223
2863495
626405
363997
4571922
3228556
592282
3208857
3476107
2339459
2989051
1686535
4858126
4261804
1263708
2577372
1621125
465098
1920718
4242893
3358627
3547972
957022
699440
759337
4194525
3154911
3853927
1594167
26062
1006404
2168483
4396504
474182
3352223
1525945
441714
3126389
4969170
3329356
4640817
378001
3318162
3561125
1432212
4237613
464904
27742
3617124
473093
2889026
2027628
2557107
2278095
2039400
3744123
1284497
331907
4351065
146625
2900736
4456843
926486
4305097
1139380
291013
3244705
4436515
4850126
3107182
2887642
4944570
2357373
12879
436529
4399985
1883586
844996
2720557
558713
3128331
3270456
4345569
2676772
216066
3985257
1939290
1034525
340983
376962
4672148
4416603
376497
2599423
1261506
4617985
1673971
2310017
655179
1544980
3414302
2914823
4630499
367470
960974
720820
243108
1238901
3066752
4155642
1349489
878079
2229607
436965
4955494
4849503
878286
1743857
2297974
2724961
2682176
4110695
3289421
1035074
2221696
2397074
1306299
3315265
773246
2789946
2218875
436178
3972388
192500
3906597
635933
3692709
2288260
739549
4038479
3799763
1635728
338906
3139870
3592064
2228281
2112167
4715736
4353373
3304689
62594
1177749
1942467
826016
1324716
2253602
3646280
1638546
4412636
2540557
4415443
2710178
4757575
4168382
4570037
4409717
200288
1809513
3795423
2250444
467165
4654920
397506
1577217
4838959
2284718
42303
2624300
1122741
1632077
2017947
1795075
1911343
3754671
2551317
34019
152398
3091668
4824317
4724881
1924658
243066
1324610
948008
2439640
2024955
1959287
614156
3165721
4647118
1777680
4998716
4322200
1579491
1504088
256090
1064129
171521
4713835
4201280
2200928
755662
1215693
3880564
3081195
1576315
4052850
377805
4330819
3481844
1793219
237227
664685
2467521
4336457
1829004
743041
1871966
1490511
2528921
4813059
1489325
2127249
3943846
1803521
2176884
3908055
2457067
2867326
2465771
2246521
1718960
115632
4766902
1604567
3944354
3311114
1423977
1034101
1773187
4381529
3515223
2732566
1334148
2459116
2323930
3762100
333715
1262937
1968839
4862591
3081100
2544007
3375663
659194
4996195
2966797
3872712
4078133
2741816
4072360
3401555
782120
1774108
4468277
2579111
1189289
3843792
2087071
4761859
3935516
2980115
1547579
4943542
4087262
339629
2366359
1455452
2616251
2921420
2720320
4455679
4598804
3831988
4872524
42224
3674949
4326658
1674254
966945
2503769
1596752
1008239
3532319
3379415
1621492
3083340
678403
3298107
1636278
3639395
4124466
3213675
4903530
4807594
3334472
2373949
1344396
1518201
2819825
4530231
3773737
3230958
1132227
2830040
78064
3890518
4780012
4544714
3816479
678384
2238576
1738949
3160577
4774659
4573519
2235017
4521396
1883020
2768558
1816921
1982114
2236334
623457
2459414
4930969
3913105
969948
4810860
2210410
3775697
4780063
1367476
2777525
3867310
3663974
3494435
1379096
1449113
2851295
4766503
3933931
3766922
4079602
3731572
874120
3526816
4339295
3848422
775531
3893892
481267
3302627
4682736
1312203
1067946
2505972
1072196
4158481
2321286
1670220
4119365
3380980
2768074
4944408
706467
2131279
1792586
4703555
1626911
3987342
4115984
1084106
997650
3410608
4611484
1464955
3979646
2652476
4549245
514141
1263824
3037826
3195680
1677250
4472772
1108217
1754247
851008
2246260
1753711
4106771
2295650
3202846
1896753
1546166
532388
3122925
3691661
2067247
2308749
3305686
2849405
1432810
257503
1248252
4138590
3581636
3955360
1663493
3094533
758289
236446
3080466
2755281
773517
3138931
108219
863647
1595239
151683
2873414
56129
1916861
1024934
4282796
4360619
3670735
522435
2679170
4672828
1953647
2305792
3054578
3899087
3627968
141635
3702927
2017364
3419727
30103
1365029
2778875
1851671
2496496
2862263
1420408
2537239
2291014
2405972
1427116
4386096
2158564
4524694
3325486
4008678
3863982
2894768
4211996
769770
4610258
690286
382065
1153473
1046458
3041704
4115443
4526073
3589455
4316260
3950773
445571
4274368
246382
1440662
740164
4089829
4655379
4933129
36037
3134176
1568195
4851830
3382448
1902859
4718226
4432966
783050
3224157
2877223
2293543
2499983
4435033
747570
2288498
3550204
3055053
975640
1532694
4721388
3519594
1841825
3381879
339562
1076548
2337986
4139383
424870
1163717
1102564
4285324
1358782
2624587
1785610
3542833
2419119
4915092
3219638
2467365
3513702
4358637
2580660
2819457
360861
3230015
2287274
4508163
1301038
2374383
1899464
3488749
4552228
24536
747705
2057863
3724829
2348385
3191901
2166376
1854594
2476155
3385343
353347
4976283
857486
908237
990432
3016852
1941663
123999
2761325
3653278
3349440
2587869
1022411
4490960
4253192
1412976
4880458
2631439
4676064
1426652
3720123
4219528
3824808
4691062
3630665
3382382
1461337
1726377
2819372
2886203
726429
4132092
1696539
3862947
2045243
4218514
4264619
3148558
1960010
2539116
1527440
4762011
420427
602699
425595
4196844
4398132
3944496
4696238
3952686
3763723
1701914
706345
313877
2234544
1952843
2267096
109967
1678507
1141689
2922921
3434353
1941508
1315480
4301013
3488339
2522457
3455981
3195285
904941
1883667
1155898
3666970
4043112
4855346
4699775
2234545
4732656
3945068
2571256
959158
500527
605604
2359884
1604656
989114
2397615
3683341
1748953
3806881
2227616
896451
1822897
2132393
4247055
81529
3399575
3684397
998092
3898904
4962522
2394174
4829265
1409640
2220368
3732192
201320
3896620
3520819
4508309
2339800
2243138
3812171
3542013
869345
654146
4591590
2935064
1497660
3929708
114188
953778
1618880
4195612
1047550
3905937
2565090
4879696
1366250
4855045
1615925
1308182
4777335
3874210
3642962
939044
643035
4424501
4565437
2695840
4501773
3457422
4346548
4764864
2366075
4428306
4853953
2439910
841881
4367889
126770
2189514
2614970
2294217
922763
875342
2920642
3084651
230999
2508778
412853
1324044
4805129
271610
3100495
903347
681434
355444
713980
4566268
2187410
4303238
2566427
2497485
247883
84097
4166727
77192
462336
2719088
1437331
4115082
1164585
4988408
1484677
476552
1011961
2369447
4084958
1377443
1636511
1010686
3151385
3446147
4759819
2863009
1293645
1150944
846290
195169
672069
712407
551572
1768534
1745531
1464370
3375615
731672
4656153
2459076
3331145
1916844
2271667
4483516
4949731
600290
3534112
395512
4840318
1169668
3897036
1846201
1671877
3611040
3145932
1574806
3767222
651482
3578443
3207109
13074
3377726
4448814
4856795
907984
4177102
1725473
3145232
350008
2166228
3011685
4602130
82525
1266445
1156310
2317376
1880396
1016245
2029601
3905888
1297254
2265265
597017
3977448
1349327
1133572
738575
2252843
4750014
2314757
4507278
2754450
1070260
4423491
2207234
2799880
1420886
2651840
3464177
752406
853762
3783295
1350144
4624744
2702185
2668561
3855999
278898
535313
2140321
1428173
1556562
4682013
1456091
286057
1088989
1692889
3154793
2543948
2515462
4403650
4262680
4949912
4051118
3859898
4695573
372967
2653299
1706038
4940884
4259447
2804984
711505
1278989
817027
4920071
2455486
4024275
4318462
2669626
1432001
2074094
821642
1293144
1521678
3171384
3637702
58820
186837
3109723
2301960
1299236
4822253
1753824
4287659
2329461
3537541
1713407
2308738
181193
2848173
4631137
2246954
4763726
2182675
1982483
91351
112198
2335848
2240721
4340573
3647785
4717715
66474
1263796
2119193
3877783
4720809
4963207
4339942
2451316
1618290
1495182
2541304
4836215
4752811
4527512
1115893
4786791
4731691
3950220
1619189
1743748
4667293
1363303
40365
2193825
3064246
3742425
1122895
1223311
3060389
2580466
744687
4058475
4635270
4012870
800460
3902116
3161606
661247
1655053
2112730
3309894
4198060
3257806
4568986
1842056
2297161
176505
536612
3101211
738976
2291831
2635144
1960513
1666038
3791791
967322
40018
3785122
2405668
4526242
1533234
2366929
3570959
4049965
559153
2726505
3859805
1085803
3914706
4041055
389379
661119
4020873
627285
591432
1005287
3884539
4921684
3024405
3489863
368948
168247
4553477
3369282
2012428
1588120
2725491
2343144
4328316
3772348
3119449
1847845
4223962
4065669
2703584
2030643
3774850
3465981
1641344
4586231
7937
1158809
1995127
9893
1357802
3903197
2379353
4440261
2274756
835792
3953420
539251
659754
2800754
3503081
4329832
2780121
1959524
2069678
1726150
4844412
2476040
2441306
4066848
47951
841071
2516280
1005719
4808241
4033839
694146
3725496
1545771
3631856
986602
3758449
2557693
203260
4190877
4685847
1601933
2286097
4578334
1449440
3591925
2799396
1694144
292182
4113836
2542163
4583154
3290632
3027397
2238651
1338638
927606
4218021
1497668
1985484
265613
2075157
4424348
3502602
2689908
1356496
403049
4229319
2265084
4246707
1654741
2835120
2602168
3246003
1614788
4685162
3306228
45211
4400636
3897599
2132631
668923
4516841
168248
820198
3482390
2599107
3643017
2976458
4078449
1189690
4797222
2054271
1622483
4259555
4442836
1939941
173389
2262878
684297
2971534
1793477
4999599
3560692
3836138
4654768
1704211
1583623
895585
4092526
435317
3738603
49459
205210
3822138
1855573
1727367
3354968
3262503
3845081
3746289
2499776
2153559
4858124
3305245
260828
3919264
4293034
4979939
4284991
2898434
251011
4938647
1923801
3607737
3378996
866724
1503387
2425329
464707
2791325
694650
3573998
1787022
961176
960176
1192990
868406
2689033
2870465
4196237
61878
1040627
2176727
3873058
1625523
3729008
2687443
2344405
3604872
1420549
815834
2371563
3120140
2548366
3215411
3437265
4202390
446190
3177642
2079870
689499
1532232
3650119
4085166
1463234
2005009
1485671
974470
2904068
1820088
530250
2956980
4911889
1004029
2911719
4839231
73140
3003101
24155
4837410
1129897
4479750
2898004
2418872
4164746
4670470
853875
3495315
2627088
1585646
2874784
3122729
4181176
4012730
2435554
588867
2558866
1380534
2562066
1234431
3689106
4025290
62758
1134876
2036954
2759875
4768611
3193326
1187668
749274
1867321
1158623
2073483
1139113
3600120
2434774
905587
4678069
1665700
1656927
2886691
4091508
1413423
225526
607077
4098585
2925596
2263708
2965817
852008
2206719
1658509
4241013
2015180
4903312
1935843
4897125
3123173
2242827
4075954
33271
4051208
1508319
4141017
32361
3749162
4085660
784812
3849874
1332004
4560876
841074
585586
2133762
689107
3642489
221790
2633324
541747
4055997
810972
1837029
2833538
1490075
2726103
792591
3339472
694501
1081578
3865272
4646443
4402005
2562045
333575
820414
3217889
123804
915493
2085317
317476
3895212
1746685
1871771
3516604
1406074
3475507
3756288
4596057
1198973
2445025
834003
4755423
3353449
4287413
1771532
1340637
4099413
2732384
2041422
1688794
2507521
3197854
2035615
1912894
2871939
2320348
1939504
1110451
4375147
4473526
2112107
953676
3054139
1369185
4463818
4100276
1039533
1690848
472659
138452
2508419
1385282
3985262
230359
3730064
973309
4317954
3752031
1286487
474369
3261870
2855676
2201436
218935
427927
4429963
3622023
3918442
4137776
312705
2352344
4143190
956441
3698937
2617205
3819991
1496000
843749
1634302
3576267
2424045
3768885
130322
3358031
736904
4537039
770936
3943159
930195
874275
640208
1180912
2645332
2373551
4638870
4678263
4069497
4289743
2869975
1493307
2791616
1698702
2435060
4194052
245008
4467181
650899
1863929
2923299
2375603
2781941
570813
3802638
4820337
3957936
1079213
3213786
2473564
3764065
3006610
3237728
4152667
2057956
2391528
3445148
4808360
816867
4829066
2901547
725622
3102497
4056892
3347689
1648271
2479169
861215
2349537
1433737
1201390
2484547
3820248
2593492
3212508
236416
2242475
3819503
2061261
4326740
1363269
2110636
3394594
4374554
3105860
4707736
4390050
2177955
269917
4121365
2916028
200597
2217085
1600053
799265
815239
4985630
1369026
1249423
505356
2121829
2224222
4653568
724159
657407
3041483
1188519
3606560
2868914
1150201
920953
3562716
923732
4504848
2281616
4439361
3625584
4650675
947062
1274242
3000579
834173
4481690
492467
522448
4426725
1497255
3630635
192430
1503763
299841
2812271
1944012
3978353
3567538
698766
3844983
685351
3631936
3539695
3303478
1914595
3759869
3682541
1125222
2977987
3071002
1425176
3655964
3576330
3319364
1122974
149660
1909390
2506151
3998191
4098965
4761910
2769833
3029910
4568593
4924421
4904349
262993
560333
287456
2352291
3335523
576403
2767095
383639
1565186
779766
3611654
324919
2157196
2757012
4372509
2594147
2402943
4988370
3573927
3687435
152719
660909
4314443
3096184
2400400
3486107
609517
4358431
2824295
3603579
3634209
4233718
3885527
2713452
2254011
1778856
3646952
3171074
3459508
3076157
4678765
1210936
1963558
2524164
2084338
1539481
1463552
3479912
4606140
3199790
3365561
2190937
3531391
264710
987317
3400727
4692666
83423
2922923
3720500
1983897
184974
609705
3463293
3034125
906434
1204565
3246284
2221862
2483558
230759
4804659
3108958
474721
4691089
3821229
3395458
3322896
3038089
2077412
76092
3449297
2812195
250554
4662310
4102931
956540
1296544
3394279
395329
4056575
305381
686916
3590756
4030107
3845752
1653134
1215040
107692
942367
4166152
1040546
3450894
57844
3719988
1523268
1022751
3669353
62388
4237312
2578097
3791592
3481846
609361
4047287
3411097
1609432
188812
2933070
4085766
1257025
194733
1951872
4339274
1062673
878112
2989144
2509803
3389127
4563473
3781635
3416806
2134998
3171803
3628891
1425296
1869646
1803715
4436055
4898267
219356
2516089
434431
3370485
4980351
1260046
4869134
2408439
893439
540363
4529023
4199312
4038772
1281399
3021645
232254
654707
2643965
2769833
3300433
2221977
3790349
3370234
3136450
1824619
4070348
528491
947884
2163910
1650906
396504
3027136
1743813
1819685
4432790
4795564
353532
140572
1581940
4541612
642698
876574
1713971
4242693
4952358
1026731
2882801
1065184
889357
1500252
1794661
2816688
4062986
2138167
2049070
2422264
4054735
3755779
2719096
830370
2890288
2770510
4715269
808635
3744392
4118344
4908399
2861033
2495884
2517623
961740
808798
616211
2573429
3963602
2139230
4199976
4160075
2136925
271110
1264967
3121290
1072549
4660530
2237767
4685946
805807
190971
2920287
424749
2857879
4741424
2221962
2039275
4749640
838411
2540649
3184242
3977545
4578804
2598262
2306902
4934519
4059253
4037689
4686896
4515445
1407525
1598766
1478059
4195207
3918094
2101432
2956984
1779260
2406267
68305
2461004
4550596
3717561
4353773
2212742
88609
1332251
4641968
3919086
4075731
401749
4650282
4135075
4727223
2436531
3324333
4000612
3729255
1855868
3488295
3031957
3959211
459351
4791206
3803055
4291273
1227142
777683
4267458
2292045
2018763
4947557
1765151
340737
1931522
551109
3101723
918770
234843
3336523
3840886
2302862
4103428
4542307
3271178
4423926
2602937
1696336
1777259
739145
436291
3314274
3736674
240286
895578
961218
706058
3866571
2489263
2270113
1242778
3524720
14564
3624498
484772
4676760
4202257
4994443
2558015
2006073
3174254
1620108
2720661
2707548
1094149
1270778
749734
3788285
2073399
1794704
4580376
2201338
4017192
3087052
418789
3538429
4254935
4045801
2319913
4444722
13565
4990947
2990165
1422692
137683
1284546
3827509
846058
4935084
3491381
4650099
3240391
1693377
4871180
3619278
4115321
3450012
1320840
441034
3785005
145194
4386326
1915322
2300871
2743285
2935722
4175665
3185259
207199
723129
1213878
1367527
1235247
4319923
2227384
4524778
2698170
1617159
4919329
1195824
1422513
1522227
663423
85855
2454751
3138993
4566866
1256902
3986861
1011248
1309040
4960447
3357786
4551547
4797460
2379436
4335971
3350415
3720700
4778534
3939612
507852
4703471
1053329
4359999
3740980
1177831
4027773
2102890
967114
884120
2775263
1163191
206806
4044237
1861528
765979
3010657
3485977
815560
694381
3496969
4988091
3717326
4859719
2035783
1823831
1146100
4390809
4273388
3976215
3727350
4232495
3032482
1703392
1058098
3787189
647223
3159838
3166003
3743569
887200
1280774
789234
4549355
2502893
4154412
568237
1227875
2999829
1065077
4062897
2947733
3314548
4880339
3175029
1270010
769825
4781662
3663520
4945818
3190451
2091613
1107930
1937324
4166424
3823883
505816
1258773
2715725
2261432
1009455
4642291
783505
3186907
3644747
2521493
4752893
207359
2671365
1727344
551064
4513893
525868
2421604
839136
4929710
4438440
1615246
6230
4380614
814790
2818311
3383748
950166
36719
4182127
2513506
2570046
1603912
2515614
3960078
3596638
3915540
2174453
2971312
885866
950384
453081
947652
2312492
822557
3217273
1391658
790977
3710874
1576269
849346
3690475
345222
378903
3336063
2534736
1516465
1500302
2652092
3513436
2783097
2288487
3870170
1927820
4194154
4109535
3282344
2577434
2604250
1733729
740037
691310
1951851
198700
3062757
2683685
1771494
767174
167872
1232294
2103490
961465
1522811
3666033
1677305
1576657
890564
1816165
90095
1423594
2324958
4438121
3200018
144118
1031525
2494642
1448984
3394829
4705436
2556135
1501576
214548
566931
3012600
4005145
4633205
2299143
4356139
2824115
4129476
4070726
3336658
1979107
3427039
978073
41051
4290026
2307099
2996070
1437967
530874
3393333
606028
214847
4659722
3684583
1608960
4029135
3378621
3729167
410938
474845
537983
4591215
3888559
2639747
2830576
2937755
265892
2405023
899684
4706675
1172427
306141
3459354
1598433
354070
2552645
2138996
4020120
1512422
931816
3740519
2176499
510054
1788667
3150904
1147364
4766548
3228562
1924631
2439166
1095543
4560982
3380349
2896105
4132279
2640280
157084
3415122
4269694
1567776
4263390
2279382
540697
3738493
651635
4765183
3357230
3159437
3874588
2624909
1307563
1799551
4058124
1894286
2070887
4004631
2048948
2745363
3653437
2358610
390513
4243339
2653989
4786201
4777935
3803200
3739641
4416741
3710077
330141
2859856
3819541
2206428
257831
2738436
4010223
2007642
3570505
3004631
2196791
2737192
412600
3601071
1626379
3723119
742359
2914808
4122802
3648791
743218
2075651
4738829
4446735
2240023
858994
3102270
3221522
1462921
2339215
961948
2909966
4152225
196473
3209286
3624002
885839
1214175
37807
1651626
2159400
1774265
2618281
2580552
503618
733426
2657307
274735
3536311
2149816
4043003
777004
1316628
2674047
7707
2226485
596771
3287269
4766819
4956984
3418077
3641592
441086
3852434
3479423
1797529
698653
2822848
908053
4030232
281406
3074628
1234296
1661924
4903270
2872587
264399
3511775
713868
2990254
4787733
4072819
3478626
472093
4689021
2213259
4907586
3688930
1054693
3325457
4075354
1324925
634806
1837453
4323617
1271244
4756230
4069350
1253233
4035095
2525094
3598236
35250
3478533
2176557
1329496
3822762
2039954
623507
3028350
838695
819611
3779244
4746354
710109
4108587
3230369
2697823
1995118
359653
3898940
3047778
2246591
3876521
335020
2274540
2653333
3628154
341671
1396057
1839411
1217858
177887
723348
1684772
4526199
2540213
708229
3479449
827308
343959
3340627
3159970
2663638
2113363
2608220
3804828
1576303
2533792
4110090
2022137
3290250
62245
1881217
2010103
3948491
2390959
3141976
2833840
1878512
2998864
1866527
3472224
3381512
3597956
3905730
1949530
191821
2900652
1232299
1852282
4972147
1497142
282376
3857810
3271405
1646396
2100700
817224
4339571
4823364
1196501
2203686
3040607
4505889
4104587
1123177
199166
660586
59462
3264069
838536
4763998
2855958
723927
781378
3552422
2088903
4305912
4418331
1597121
2402156
3049324
3654815
3625048
3029377
435608
2509831
955265
116731
495765
1189607
445721
3388410
1583539
4668785
119612
671032
728806
453157
4961455
4801938
4273177
1489912
1618212
905830
1912236
4191257
1432120
4306271
1268533
370153
3627832
1999838
3674598
2731484
2584062
3824377
2794627
3767015
3182385
857444
3548331
869833
4736580
865217
3278489
2615548
2715175
1668602
4020778
1933032
2868382
1588364
3699767
2630494
4202429
592339
3343717
2706031
2238698
2529293
2438337
2520025
2037493
1341387
1343010
3429755
1275503
1157350
4098747
4307604
2439762
387907
1310332
4803342
227581
2996232
2624477
1687954
143042
1426318
3927451
3159015
3435350
415630
664265
1905111
2999581
995509
1345029
4943479
4648761
994714
2136761
3218741
4030413
1897085
4384663
601489
545647
2616634
3799016
613777
4784969
1101737
2305571
4845245
635044
3929036
4435865
3101908
4791784
3871031
759149
251420
2521029
2663160
2676291
3458393
901685
3277324
2808979
2794198
3899408
4290391
553103
37821
3349268
4841257
1331319
4305909
4326778
725406
3363468
2977980
353741
4740315
287764
4449039
928590
2662880
1377761
1100876
3074455
4828588
620108
2299911
953625
2855045
3611739
1451751
4047690
2701914
239739
2168222
3709241
220162
3345008
4568128
4239955
2915975
2662558
1484633
1729755
1726758
3787114
4245663
1385963
3066253
4636131
1251783
3314723
3216379
1265469
3588638
1399485
3693688
3570024
3231558
3479886
1365862
4526775
1863307
1112762
1535966
1749560
529039
4459273
1692730
3547827
922708
3836210
4578546
4689175
4823969
3719845
1720250
355520
4847256
2486554
2898239
3760072
3910525
2793893
4244011
1173546
3714850
3684822
2021092
622987
4903870
4811145
3112415
671812
1993604
4580419
4135207
1596285
180272
2883110
1831752
3488
3334970
3201590
1492759
3528303
1518297
4026549
1281940
2029090
4512070
908174
3343303
1874463
2825318
1802783
4137802
1660364
4595273
1734848
324398
4326450
1033460
4880973
4395465
2755972
2739315
3679400
1126226
2597383
4013672
3807510
2942466
4155858
1031316
4010978
4936002
56830
4258611
57818
4487030
189687
464978
2215564
4488614
2952435
4378655
3927203
248701
1834148
3773970
4978149
3823546
3512874
4500914
3141674
2002444
131685
1730520
1643832
558857
1827304
4444329
2650131
2276522
3828880
1396501
3532701
1262727
79757
2579235
1072581
804287
405974
4909097
2672984
103057
3998103
4617774
1467964
3671481
136943
3438489
1637742
1662168
2004316
1154673
1328008
162489
2943839
4365710
2297149
624058
4659757
4425221
4781848
2505976
897591
3383699
1634560
1053124
1963395
3176551
2547187
584743
807871
4284370
2782726
3709754
2962360
4958252
2395672
4829707
2125483
3397125
1972520
1016308
3431562
2321044
2691213
3726437
4614124
2501358
2516228
4582431
382945
745606
2675635
2570694
3779359
4203758
3837030
4853925
1550717
1761029
1846408
2896398
3621742
3848414
1264018
2745429
1026335
901255
3678818
2884979
2469207
3197483
1988527
381022
592360
4983720
3098273
697150
3346419
2857517
1412894
2814087
355426
561448
4854046
3158685
1897299
2203311
3659796
849414
2745646
2064818
3095012
1654984
3967425
1048145
1158187
4401804
2589282
3238207
3417415
3802231
1724276
1702105
2649697
290302
4755475
1941944
3523862
1967439
3801835
108089
4572971
3106382
2420077
3363095
3668149
2604094
4813841
4584874
2798473
2562807
1710063
3250146
4362043
432920
563241
1584137
3716847
1879621
4615004
1542970
2830686
1126910
961829
1398352
4244983
2542638
3153896
2996429
1079358
3673208
1257297
3805955
3237864
4670712
2794136
1382442
1179523
2974668
4800405
3541544
970099
1852419
1196000
2002766
4184022
3415287
3824225
1124360
871681
3530883
1274196
1075983
361635
352430
4415664
4901747
4639539
2809434
3165909
711671
1115540
4794653
1698715
123404
1310564
4472274
291640
2164062
2647202
56763
4968448
3940280
2676959
4993596
1934074
4426084
4640225
3883729
3200018
1467034
2787210
1169254
1133091
2233637
1329555
1573927
2894316
4413845
2294395
3851270
346278
1465821
3732672
3214846
3539099
1228546
4365129
4089225
3568236
3173900
3864168
2158332
1693618
530601
3565977
1657417
1886375
2569787
3519254
4827303
2185960
152069
1739237
744787
4468849
1636521
2271966
1159676
707154
4937578
4007341
1899309
482115
1243764
259936
670251
3290500
43833
4149748
3814284
273783
3293381
2855192
3204309
4743577
3026104
4186430
2093645
1415690
2738419
4342825
4860238
3182561
4158196
1278707
1349904
4260986
3021328
253128
3688795
4220461
3390908
1164954
665089
2961572
1139012
4475451
2879116
1953354
2544385
1011937
2782761
4405819
4163047
1707091
2384850
698925
4030517
4018882
3984503
2548744
4309906
4344582
4628722
3327949
898313
215704
4885945
4526984
3131140
2651763
3999845
2190145
1197021
4960223
453190
3720220
709442
3619550
1925953
680085
4595350
2074492
3179679
3519448
2010615
3082958
798578
935484
1351194
1126074
589762
3711879
2199443
365962
4571788
2839675
710183
3245968
3107654
2385757
2274750
4999554
4535011
1907595
2216921
3783437
226273
3988929
4143116
2079386
3546960
1203392
361305
1580938
2449912
2232107
3259461
295290
3650128
3428287
1727710
995878
2968936
541736
794679
4512391
3563573
2308377
4508957
332888
3815719
3140247
404897
1533481
345846
39977
1815472
793496
4151574
2489384
292128
1675585
47246
4768963
3747422
440378
3580354
4722730
2956016
1729240
4739015
3800115
963346
3502748
2478047
588176
2011016
4799611
517172
1941374
1334296
4809569
3587477
3702438
3673867
2045495
4492944
3758352
4002663
1941167
1243960
730549
2955060
2986547
1787794
4175089
10786
2939255
2154941
4202381
1939596
4018301
2798486
3275830
296065
198352
4509070
1757320
1845533
3089808
3893003
1919058
3971734
4247559
121135
2795349
4517095
2282441
1739561
2419260
3196324
1374253
4698768
1252523
2885354
373170
3741961
2148417
4478536
3509408
4043570
3459217
3491220
3769843
123243
1877408
2756615
3608916
4684136
1012440
1997546
3580264
4153590
860829
3048654
2698167
806440
3919076
2218920
1652784
1595744
3696756
4788382
1652670
963741
3137582
3914867
3404978
2446635
977431
4771426
3284313
3521757
4863493
4042057
1905572
766243
1253965
4471834
4380933
2011781
4725322
4992427
489954
4688580
3865181
2874528
3878267
4552308
2825369
1447414
140855
196604
4952592
804635
3668725
1515372
120672
168090
578580
2960564
4666353
2236102
4027126
1014598
4465431
755482
4818636
1848057
3737532
3944183
3333692
3553356
2829875
3646721
852701
4199793
3126705
2049620
589627
4246366
2357366
1200051
3732416
56143
2437423
3719417
1277980
1006290
279129
1780372
16564
4881749
150414
2211250
838197
199639
4849411
2285227
4229280
1496874
466669
1321120
651916
4665765
38916
920239
3865729
3781409
1619020
3876934
458369
1303664
4343847
1501205
3423841
2686720
3742754
3196921
1967361
550458
764430
794052
3822007
928696
4850904
45305
2892989
1604593
3451330
4605263
3899603
2726449
3222309
680607
4482191
933919
3342785
4773214
2384825
2821479
4657900
1409672
713119
4006883
677675
1531708
1741421
1020301
2498164
3456154
2427197
1389139
4854287
1240898
3750892
4938447
4627654
1849575
2285930
559505
2527848
2595800
3415858
3071965
1605693
3232907
4040589
4772552
581408
4072586
1941454
3018561
3889182
1077894
4680198
2794895
2886470
1188681
2533627
493262
4729635
2990263
268017
717414
4005958
4344051
2543169
253693
277597
1087651
3773161
3345406
160677
4236362
1055876
4290416
800068
514423
1249695
1156844
360275
1514071
3813908
2956496
4640809
1086136
4939194
3405821
272647
4631168
4801999
4600360
1767763
860015
65271
2778799
1104480
111606
937441
3463341
1131674
2347846
1729772
801285
3838943
3822248
3386709
1418310
3405409
3186451
1471673
4331495
270622
2906774
3867669
376553
3702777
4721117
2765527
794236
2991339
3271984
2808415
3586868
1599117
2051782
3640871
908288
4541506
1446571
311134
94339
587401
2904056
1628573
3383717
3659346
3736526
661646
3736921
1555693
2250119
30742
2891777
396172
3246579
737391
4279353
4752853
63731
4174043
4510727
3248415
4269292
4787844
324237
4619815
1195079
1340895
3971998
4232731
158068
375450
1726454
3997113
1678789
2237775
246242
677122
138947
977227
4836855
4303538
3537973
273440
635360
1602609
4136843
2100483
2307178
1189755
4994010
1187421
1059873
2145366
4266120
3653023
3011639
2186163
3779502
2591570
1281823
3184563
1274530
1324192
2197170
470904
17940
2534752
4259703
1059200
891520
2537737
4705750
1028034
1351375
451911
3550281
2190455
1530580
2305185
4932099
1334359
945223
3319447
1180864
1464881
3071676
1138170
2243933
1260789
4761587
3407288
3614176
787122
2981303
1723294
2730657
4533247
4676461
2326328
1064818
3871897
3850938
1775108
3098856
4454142
2675947
3801315
1575030
3500101
723018
4479874
1634732
3825288
4102631
232753
3425124
4140
3181487
2265083
1960409
2605993
1201753
3701719
2670582
3904966
2908921
1333407
3108987
1322842
677702
712878
2602884
2847897
4406477
3669613
4441323
1216895
2640920
1386429
184938
3173267
3616770
1981186
3616536
3569085
3586914
1694143
4372776
2444358
3090504
824194
1513617
514711
2680156
1964022
4886100
4174658
1789486
1395052
1506011
3712301
3922831
764161
205105
2468286
2619920
4090957
759099
1729228
4619890
1292237
299933
2604969
127147
3203300
670585
1165149
1264522
4195898
456948
4918780
3145227
1920252
832367
910525
1132695
4497650
4342504
423773
1021534
279894
1333508
2970916
2536782
3205647
2456630
1799191
1420136
3572375
3933199
1551362
4722402
1790107
3492120
4996550
2804746
3851277
4356721
1584184
3376859
1182563
4979620
383542
4091144
4277392
3821356
2896296
4962806
334025
2966131
444024
2809253
847491
3001514
2400992
155457
2818926
3188980
3132558
476460
4608571
9617
2285963
159874
1622669
1010423
4698839
741121
650164
76493
1727086
2867211
1276125
651340
2656260
777493
4339758
4107398
387160
4116816
223462
2968322
3357701
2218330
3618559
4774969
4932902
4803664
873158
1282220
1775560
1918469
4710522
4704067
3987029
442192
4714548
4056198
2820110
1127275
4034210
2898873
3366974
4422878
2585655
904949
2632443
2993795
4205849
886155
4526647
2595096
3265700
3446732
4182506
4068767
1619846
4816432
4803559
2809145
1591870
4954144
1247535
303582
4171006
293702
3490272
688377
3304588
4547130
1828522
2690331
2731119
4812006
4225448
1649671
4579176
3470089
4460101
714109
3300200
3446746
626285
3815711
102038
4641821
3976660
4141667
1620505
1787354
2214061
3618680
1192412
1259074
2694084
505030
2739592
3260473
2337337
3281967
3524886
3132644
2319744
1744758
27817
2005372
4011195
93262
4674128
1654584
3462998
4732623
2065924
4857535
3929110
155481
2899584
2629622
3030071
1685352
1517304
1045700
4349221
518435
1632406
2631062
1692328
206666
107339
4394256
3405631
3316923
3638977
857353
3009753
1996420
1124825
3236353
4757249
2433184
1505908
718187
2956592
1622610
1300342
2662276
1958406
1920324
3523433
4176841
1784871
3549559
3541933
3835827
3053044
4391295
3300354
158382
82197
1094292
968340
945859
2564692
1419417
3258213
3608057
2838581
2361251
244930
4096553
56488
2329733
3168289
1604639
1331089
2432475
2228633
3292966
3424621
3538367
1185274
2658414
4048617
587182
354626
2004122
387751
438645
2379116
3235899
1232365
77307
1979536
1706399
1762426
1460347
1216007
241961
4777869
2309797
4371813
1844987
3220583
3262327
2056671
2957112
415359
3375543
838693
1991433
664961
4002039
3316175
3326455
3942295
2442218
4223000
3760864
1200492
2904992
3741880
222196
21335
2054537
4232220
1327734
4022137
1969733
4828074
527016
411830
580625
3214222
737682
1702765
1065234
4237797
2689549
3188527
4266090
620357
1009859
4924033
4495964
4993412
296292
425998
563317
498832
411675
4416230
2218671
4358179
4637403
4859103
4906868
1686520
3922678
2568916
4962149
4132557
753906
2514494
1375437
571963
2143562
4410680
556205
4117690
465279
392848
1209402
1744630
4188593
2647850
4185224
2986325
3481990
353901
4600813
94733
1898047
1843167
2846411
4037097
112611
4510359
710857
1682154
4748980
2238150
2800158
830092
3197684
1238308
825049
1417302
4968885
2702549
1560693
445809
3953925
3197663
3891317
677831
1512479
3481996
3508929
950370
222834
159383
969559
2719148
4870799
422719
735855
4460531
4366109
3827045
449610
4067858
1638653
1716345
3055837
1713563
2116707
618279
3621895
4889660
2768421
2703471
548599
881451
2009864
4830419
192292
549856
2256487
573100
3770281
4177821
4945612
1817156
4318742
63615
4613035
2790805
3192864
710922
548478
4297195
682984
3962395
1950542
3544864
3903252
1113505
4271436
3243598
3570090
1167186
3260665
891455
3896052
1575983
4116264
1005973
3482097
4761069
2843404
1221029
4914542
3084576
1845433
4123386
2813325
4764428
1251389
4133522
3716451
1001894
4707672
4339603
3060620
4489099
4755322
1023966
4198271
3808076
949484
1585553
4886964
4526349
1282665
915511
33097
4206025
586540
1307008
4075560
4189641
3544076
4742480
2769430
4079109
867437
2332567
770667
4377692
2705346
4746933
1257054
